edge(1,274,823).
edge(274,1,823).
edge(1,433,1175).
edge(433,1,1175).
edge(6,270,200).
edge(270,6,200).
edge(6,265,174).
edge(265,6,174).
edge(7,444,2669).
edge(444,7,2669).
edge(7,46,286).
edge(46,7,286).
edge(7,349,1006).
edge(349,7,1006).
edge(8,9,228).
edge(9,8,228).
edge(8,357,297).
edge(357,8,297).
edge(9,10,274).
edge(10,9,274).
edge(10,11,255).
edge(11,10,255).
edge(11,16,195).
edge(16,11,195).
edge(12,17,131).
edge(17,12,131).
edge(12,16,196).
edge(16,12,196).
edge(13,14,155).
edge(14,13,155).
edge(13,17,134).
edge(17,13,134).
edge(14,15,280).
edge(15,14,280).
edge(15,351,2669).
edge(351,15,2669).
edge(15,350,1006).
edge(350,15,1006).
edge(18,19,228).
edge(19,18,228).
edge(18,357,300).
edge(357,18,300).
edge(19,20,274).
edge(20,19,274).
edge(20,21,255).
edge(21,20,255).
edge(21,22,195).
edge(22,21,195).
edge(22,23,196).
edge(23,22,196).
edge(23,24,131).
edge(24,23,131).
edge(24,25,134).
edge(25,24,134).
edge(25,26,155).
edge(26,25,155).
edge(26,27,280).
edge(27,26,280).
edge(27,315,2253).
edge(315,27,2253).
edge(27,350,1024).
edge(350,27,1024).
edge(28,29,228).
edge(29,28,228).
edge(28,350,297).
edge(350,28,297).
edge(29,30,274).
edge(30,29,274).
edge(30,31,255).
edge(31,30,255).
edge(31,32,195).
edge(32,31,195).
edge(32,33,196).
edge(33,32,196).
edge(33,34,131).
edge(34,33,131).
edge(34,35,134).
edge(35,34,134).
edge(35,36,155).
edge(36,35,155).
edge(36,37,281).
edge(37,36,281).
edge(37,439,2247).
edge(439,37,2247).
edge(37,349,1031).
edge(349,37,1031).
edge(38,39,228).
edge(39,38,228).
edge(38,350,294).
edge(350,38,294).
edge(39,40,274).
edge(40,39,274).
edge(40,41,255).
edge(41,40,255).
edge(41,42,195).
edge(42,41,195).
edge(42,43,196).
edge(43,42,196).
edge(43,44,131).
edge(44,43,131).
edge(44,45,134).
edge(45,44,134).
edge(45,46,155).
edge(46,45,155).
edge(47,48,228).
edge(48,47,228).
edge(47,349,300).
edge(349,47,300).
edge(48,49,274).
edge(49,48,274).
edge(49,50,255).
edge(50,49,255).
edge(50,51,195).
edge(51,50,195).
edge(51,52,196).
edge(52,51,196).
edge(52,53,131).
edge(53,52,131).
edge(53,54,134).
edge(54,53,134).
edge(54,55,155).
edge(55,54,155).
edge(55,56,280).
edge(56,55,280).
edge(56,311,2254).
edge(311,56,2254).
edge(56,341,1024).
edge(341,56,1024).
edge(57,58,228).
edge(58,57,228).
edge(57,349,297).
edge(349,57,297).
edge(58,59,274).
edge(59,58,274).
edge(59,60,255).
edge(60,59,255).
edge(60,61,195).
edge(61,60,195).
edge(61,62,196).
edge(62,61,196).
edge(62,63,131).
edge(63,62,131).
edge(63,64,134).
edge(64,63,134).
edge(64,65,155).
edge(65,64,155).
edge(65,66,280).
edge(66,65,280).
edge(66,342,2669).
edge(342,66,2669).
edge(66,341,1006).
edge(341,66,1006).
edge(67,68,228).
edge(68,67,228).
edge(67,341,300).
edge(341,67,300).
edge(68,69,274).
edge(69,68,274).
edge(69,70,255).
edge(70,69,255).
edge(70,71,195).
edge(71,70,195).
edge(71,72,196).
edge(72,71,196).
edge(72,73,131).
edge(73,72,131).
edge(73,74,134).
edge(74,73,134).
edge(74,75,155).
edge(75,74,155).
edge(75,76,280).
edge(76,75,280).
edge(76,306,2254).
edge(306,76,2254).
edge(76,340,1024).
edge(340,76,1024).
edge(77,78,228).
edge(78,77,228).
edge(77,341,297).
edge(341,77,297).
edge(78,79,274).
edge(79,78,274).
edge(79,80,255).
edge(80,79,255).
edge(80,81,195).
edge(81,80,195).
edge(81,82,196).
edge(82,81,196).
edge(82,83,131).
edge(83,82,131).
edge(83,84,134).
edge(84,83,134).
edge(84,85,155).
edge(85,84,155).
edge(85,86,280).
edge(86,85,280).
edge(86,339,2669).
edge(339,86,2669).
edge(86,340,1006).
edge(340,86,1006).
edge(87,88,228).
edge(88,87,228).
edge(87,340,300).
edge(340,87,300).
edge(88,89,274).
edge(89,88,274).
edge(89,90,255).
edge(90,89,255).
edge(90,91,195).
edge(91,90,195).
edge(91,92,196).
edge(92,91,196).
edge(92,93,131).
edge(93,92,131).
edge(93,94,134).
edge(94,93,134).
edge(94,95,155).
edge(95,94,155).
edge(95,96,280).
edge(96,95,280).
edge(96,438,2253).
edge(438,96,2253).
edge(96,271,1026).
edge(271,96,1026).
edge(97,98,228).
edge(98,97,228).
edge(97,271,300).
edge(271,97,300).
edge(98,99,274).
edge(99,98,274).
edge(99,100,255).
edge(100,99,255).
edge(100,101,195).
edge(101,100,195).
edge(101,102,196).
edge(102,101,196).
edge(102,103,131).
edge(103,102,131).
edge(103,104,134).
edge(104,103,134).
edge(104,105,155).
edge(105,104,155).
edge(105,106,280).
edge(106,105,280).
edge(106,300,2255).
edge(300,106,2255).
edge(106,359,1025).
edge(359,106,1025).
edge(107,108,167).
edge(108,107,167).
edge(107,271,216).
edge(271,107,216).
edge(108,109,186).
edge(109,108,186).
edge(109,110,169).
edge(110,109,169).
edge(110,111,163).
edge(111,110,163).
edge(111,112,144).
edge(112,111,144).
edge(112,116,117).
edge(116,112,117).
edge(113,114,121).
edge(114,113,121).
edge(113,116,141).
edge(116,113,141).
edge(114,115,279).
edge(115,114,279).
edge(115,434,1008).
edge(434,115,1008).
edge(115,387,2365).
edge(387,115,2365).
edge(117,118,228).
edge(118,117,228).
edge(117,359,300).
edge(359,117,300).
edge(118,119,274).
edge(119,118,274).
edge(119,120,255).
edge(120,119,255).
edge(120,121,195).
edge(121,120,195).
edge(121,122,196).
edge(122,121,196).
edge(122,123,131).
edge(123,122,131).
edge(123,124,134).
edge(124,123,134).
edge(124,125,155).
edge(125,124,155).
edge(125,126,280).
edge(126,125,280).
edge(126,279,2255).
edge(279,126,2255).
edge(126,393,1023).
edge(393,126,1023).
edge(127,128,228).
edge(128,127,228).
edge(127,359,297).
edge(359,127,297).
edge(128,129,274).
edge(129,128,274).
edge(129,130,255).
edge(130,129,255).
edge(130,131,195).
edge(131,130,195).
edge(131,132,196).
edge(132,131,196).
edge(132,133,131).
edge(133,132,131).
edge(133,134,134).
edge(134,133,134).
edge(134,135,155).
edge(135,134,155).
edge(135,136,280).
edge(136,135,280).
edge(136,361,2667).
edge(361,136,2667).
edge(136,393,1008).
edge(393,136,1008).
edge(137,138,228).
edge(138,137,228).
edge(137,393,300).
edge(393,137,300).
edge(138,139,274).
edge(139,138,274).
edge(139,140,255).
edge(140,139,255).
edge(140,141,195).
edge(141,140,195).
edge(141,142,196).
edge(142,141,196).
edge(142,143,131).
edge(143,142,131).
edge(143,144,134).
edge(144,143,134).
edge(144,145,155).
edge(145,144,155).
edge(145,146,280).
edge(146,145,280).
edge(146,283,2253).
edge(283,146,2253).
edge(146,392,1024).
edge(392,146,1024).
edge(147,148,228).
edge(148,147,228).
edge(147,393,297).
edge(393,147,297).
edge(148,149,274).
edge(149,148,274).
edge(149,150,255).
edge(150,149,255).
edge(150,151,195).
edge(151,150,195).
edge(151,152,196).
edge(152,151,196).
edge(152,153,131).
edge(153,152,131).
edge(153,154,134).
edge(154,153,134).
edge(154,155,155).
edge(155,154,155).
edge(155,156,280).
edge(156,155,280).
edge(156,391,2669).
edge(391,156,2669).
edge(156,392,1006).
edge(392,156,1006).
edge(157,158,228).
edge(158,157,228).
edge(157,392,300).
edge(392,157,300).
edge(158,159,274).
edge(159,158,274).
edge(159,160,255).
edge(160,159,255).
edge(160,161,195).
edge(161,160,195).
edge(161,162,196).
edge(162,161,196).
edge(162,163,131).
edge(163,162,131).
edge(163,164,134).
edge(164,163,134).
edge(164,165,155).
edge(165,164,155).
edge(165,166,280).
edge(166,165,280).
edge(166,287,2253).
edge(287,166,2253).
edge(166,362,1024).
edge(362,166,1024).
edge(167,168,228).
edge(168,167,228).
edge(167,392,297).
edge(392,167,297).
edge(168,169,274).
edge(169,168,274).
edge(169,170,255).
edge(170,169,255).
edge(170,171,195).
edge(171,170,195).
edge(171,172,196).
edge(172,171,196).
edge(172,173,131).
edge(173,172,131).
edge(173,174,134).
edge(174,173,134).
edge(174,175,155).
edge(175,174,155).
edge(175,176,279).
edge(176,175,279).
edge(176,324,2669).
edge(324,176,2669).
edge(176,362,1006).
edge(362,176,1006).
edge(177,178,228).
edge(178,177,228).
edge(177,362,300).
edge(362,177,300).
edge(178,179,274).
edge(179,178,274).
edge(179,180,255).
edge(180,179,255).
edge(180,181,195).
edge(181,180,195).
edge(181,182,196).
edge(182,181,196).
edge(182,183,131).
edge(183,182,131).
edge(183,184,134).
edge(184,183,134).
edge(184,185,155).
edge(185,184,155).
edge(185,186,282).
edge(186,185,282).
edge(186,292,2253).
edge(292,186,2253).
edge(186,336,1024).
edge(336,186,1024).
edge(187,188,228).
edge(188,187,228).
edge(187,362,297).
edge(362,187,297).
edge(188,189,274).
edge(189,188,274).
edge(189,190,255).
edge(190,189,255).
edge(190,191,195).
edge(191,190,195).
edge(191,192,196).
edge(192,191,196).
edge(192,193,131).
edge(193,192,131).
edge(193,194,134).
edge(194,193,134).
edge(194,195,155).
edge(195,194,155).
edge(195,196,281).
edge(196,195,281).
edge(196,325,2669).
edge(325,196,2669).
edge(196,336,1006).
edge(336,196,1006).
edge(197,198,228).
edge(198,197,228).
edge(197,336,300).
edge(336,197,300).
edge(198,199,274).
edge(199,198,274).
edge(199,200,255).
edge(200,199,255).
edge(200,201,195).
edge(201,200,195).
edge(201,202,196).
edge(202,201,196).
edge(202,203,131).
edge(203,202,131).
edge(203,204,134).
edge(204,203,134).
edge(204,205,155).
edge(205,204,155).
edge(205,206,280).
edge(206,205,280).
edge(206,293,2253).
edge(293,206,2253).
edge(206,335,1024).
edge(335,206,1024).
edge(207,208,228).
edge(208,207,228).
edge(207,336,297).
edge(336,207,297).
edge(208,209,274).
edge(209,208,274).
edge(209,210,255).
edge(210,209,255).
edge(210,211,195).
edge(211,210,195).
edge(211,212,196).
edge(212,211,196).
edge(212,213,131).
edge(213,212,131).
edge(213,214,134).
edge(214,213,134).
edge(214,215,155).
edge(215,214,155).
edge(215,216,280).
edge(216,215,280).
edge(216,330,2669).
edge(330,216,2669).
edge(216,335,1006).
edge(335,216,1006).
edge(217,218,228).
edge(218,217,228).
edge(217,335,300).
edge(335,217,300).
edge(218,219,274).
edge(219,218,274).
edge(219,220,255).
edge(220,219,255).
edge(220,221,195).
edge(221,220,195).
edge(221,222,196).
edge(222,221,196).
edge(222,223,131).
edge(223,222,131).
edge(223,224,134).
edge(224,223,134).
edge(224,225,155).
edge(225,224,155).
edge(225,226,280).
edge(226,225,280).
edge(226,299,2253).
edge(299,226,2253).
edge(226,334,1024).
edge(334,226,1024).
edge(227,228,228).
edge(228,227,228).
edge(227,335,297).
edge(335,227,297).
edge(228,229,274).
edge(229,228,274).
edge(229,230,255).
edge(230,229,255).
edge(230,231,195).
edge(231,230,195).
edge(231,232,196).
edge(232,231,196).
edge(232,233,131).
edge(233,232,131).
edge(233,234,134).
edge(234,233,134).
edge(234,235,155).
edge(235,234,155).
edge(235,236,280).
edge(236,235,280).
edge(236,443,2669).
edge(443,236,2669).
edge(236,334,1006).
edge(334,236,1006).
edge(237,238,237).
edge(238,237,237).
edge(237,407,316).
edge(407,237,316).
edge(238,239,205).
edge(239,238,205).
edge(239,240,196).
edge(240,239,196).
edge(240,241,156).
edge(241,240,156).
edge(241,242,131).
edge(242,241,131).
edge(242,243,134).
edge(243,242,134).
edge(243,244,155).
edge(244,243,155).
edge(244,245,280).
edge(245,244,280).
edge(245,501,2253).
edge(501,245,2253).
edge(245,357,1025).
edge(357,245,1025).
edge(246,247,364).
edge(247,246,364).
edge(246,399,564).
edge(399,246,564).
edge(247,248,231).
edge(248,247,231).
edge(248,455,195).
edge(455,248,195).
edge(249,250,131).
edge(250,249,131).
edge(249,455,196).
edge(455,249,196).
edge(250,251,134).
edge(251,250,134).
edge(251,252,155).
edge(252,251,155).
edge(252,253,280).
edge(253,252,280).
edge(253,445,2669).
edge(445,253,2669).
edge(253,357,1006).
edge(357,253,1006).
edge(254,385,185).
edge(385,254,185).
edge(254,255,165).
edge(255,254,165).
edge(255,257,153).
edge(257,255,153).
edge(256,384,257).
edge(384,256,257).
edge(256,383,305).
edge(383,256,305).
edge(257,384,160).
edge(384,257,160).
edge(258,274,301).
edge(274,258,301).
edge(258,259,197).
edge(259,258,197).
edge(259,260,202).
edge(260,259,202).
edge(260,261,174).
edge(261,260,174).
edge(261,262,162).
edge(262,261,162).
edge(262,263,167).
edge(263,262,167).
edge(263,264,170).
edge(264,263,170).
edge(264,270,194).
edge(270,264,194).
edge(265,266,255).
edge(266,265,255).
edge(266,267,329).
edge(267,266,329).
edge(267,268,413).
edge(268,267,413).
edge(268,269,599).
edge(269,268,599).
edge(269,363,1099).
edge(363,269,1099).
edge(271,340,1570).
edge(340,271,1570).
edge(271,434,1103).
edge(434,271,1103).
edge(272,413,651).
edge(413,272,651).
edge(272,430,823).
edge(430,272,823).
edge(273,274,2425).
edge(274,273,2425).
edge(274,372,539).
edge(372,274,539).
edge(274,381,548).
edge(381,274,548).
edge(275,276,217).
edge(276,275,217).
edge(275,386,197).
edge(386,275,197).
edge(276,277,213).
edge(277,276,213).
edge(277,431,3212).
edge(431,277,3212).
edge(277,432,1259).
edge(432,277,1259).
edge(278,432,2346).
edge(432,278,2346).
edge(279,280,1391).
edge(280,279,1391).
edge(280,281,1391).
edge(281,280,1391).
edge(281,282,1391).
edge(282,281,1391).
edge(283,284,1391).
edge(284,283,1391).
edge(284,286,1391).
edge(286,284,1391).
edge(285,286,1391).
edge(286,285,1391).
edge(287,288,1391).
edge(288,287,1391).
edge(288,435,1391).
edge(435,288,1391).
edge(289,435,1391).
edge(435,289,1391).
edge(290,291,1391).
edge(291,290,1391).
edge(291,497,1391).
edge(497,291,1391).
edge(292,497,1391).
edge(497,292,1391).
edge(293,294,1391).
edge(294,293,1391).
edge(294,295,1391).
edge(295,294,1391).
edge(295,296,1391).
edge(296,295,1391).
edge(297,436,1391).
edge(436,297,1391).
edge(298,436,1391).
edge(436,298,1391).
edge(298,299,1391).
edge(299,298,1391).
edge(300,301,1391).
edge(301,300,1391).
edge(301,302,1391).
edge(302,301,1391).
edge(302,437,1391).
edge(437,302,1391).
edge(303,304,1391).
edge(304,303,1391).
edge(304,305,1391).
edge(305,304,1391).
edge(305,438,1391).
edge(438,305,1391).
edge(306,499,1391).
edge(499,306,1391).
edge(307,308,1391).
edge(308,307,1391).
edge(307,499,1391).
edge(499,307,1391).
edge(309,310,1391).
edge(310,309,1391).
edge(310,500,1391).
edge(500,310,1391).
edge(311,500,1391).
edge(500,311,1391).
edge(312,313,1391).
edge(313,312,1391).
edge(312,439,1391).
edge(439,312,1391).
edge(313,314,1391).
edge(314,313,1391).
edge(315,316,1391).
edge(316,315,1391).
edge(316,317,1391).
edge(317,316,1391).
edge(317,440,1391).
edge(440,317,1391).
edge(318,319,1391).
edge(319,318,1391).
edge(319,320,1391).
edge(320,319,1391).
edge(320,501,1391).
edge(501,320,1391).
edge(321,322,1391).
edge(322,321,1391).
edge(322,323,1391).
edge(323,322,1391).
edge(323,324,1391).
edge(324,323,1391).
edge(325,326,1391).
edge(326,325,1391).
edge(326,441,1391).
edge(441,326,1391).
edge(327,441,1391).
edge(441,327,1391).
edge(328,329,1391).
edge(329,328,1391).
edge(329,442,1391).
edge(442,329,1391).
edge(330,442,1391).
edge(442,330,1391).
edge(331,332,1391).
edge(332,331,1391).
edge(331,443,1391).
edge(443,331,1391).
edge(332,333,1391).
edge(333,332,1391).
edge(334,335,1570).
edge(335,334,1570).
edge(335,336,1570).
edge(336,335,1570).
edge(336,362,1584).
edge(362,336,1584).
edge(337,504,1391).
edge(504,337,1391).
edge(338,504,1391).
edge(504,338,1391).
edge(338,339,1391).
edge(339,338,1391).
edge(340,341,1570).
edge(341,340,1570).
edge(341,349,1570).
edge(349,341,1570).
edge(342,343,1391).
edge(343,342,1391).
edge(343,344,1391).
edge(344,343,1391).
edge(344,345,1391).
edge(345,344,1391).
edge(346,347,1391).
edge(347,346,1391).
edge(347,348,1391).
edge(348,347,1391).
edge(348,444,1391).
edge(444,348,1391).
edge(349,350,1570).
edge(350,349,1570).
edge(350,357,1570).
edge(357,350,1570).
edge(351,352,1391).
edge(352,351,1391).
edge(352,353,1391).
edge(353,352,1391).
edge(353,506,1391).
edge(506,353,1391).
edge(354,355,1391).
edge(355,354,1391).
edge(355,356,1391).
edge(356,355,1391).
edge(356,445,1391).
edge(445,356,1391).
edge(357,358,650).
edge(358,357,650).
edge(358,407,558).
edge(407,358,558).
edge(359,393,1570).
edge(393,359,1570).
edge(359,434,467).
edge(434,359,467).
edge(360,395,1391).
edge(395,360,1391).
edge(360,361,1391).
edge(361,360,1391).
edge(362,392,1556).
edge(392,362,1556).
edge(363,430,5908).
edge(430,363,5908).
edge(363,364,670).
edge(364,363,670).
edge(363,433,2260).
edge(433,363,2260).
edge(364,365,314).
edge(365,364,314).
edge(365,366,432).
edge(366,365,432).
edge(366,367,269).
edge(367,366,269).
edge(367,368,237).
edge(368,367,237).
edge(368,369,174).
edge(369,368,174).
edge(369,370,238).
edge(370,369,238).
edge(370,371,340).
edge(371,370,340).
edge(371,372,427).
edge(372,371,427).
edge(373,374,388).
edge(374,373,388).
edge(373,429,342).
edge(429,373,342).
edge(374,375,383).
edge(375,374,383).
edge(375,376,283).
edge(376,375,283).
edge(376,377,180).
edge(377,376,180).
edge(377,378,214).
edge(378,377,214).
edge(378,379,232).
edge(379,378,232).
edge(379,380,389).
edge(380,379,389).
edge(380,381,445).
edge(381,380,445).
edge(382,383,268).
edge(383,382,268).
edge(382,429,189).
edge(429,382,189).
edge(385,386,216).
edge(386,385,216).
edge(387,414,2088).
edge(414,387,2088).
edge(388,389,1391).
edge(389,388,1391).
edge(389,390,1391).
edge(390,389,1391).
edge(390,391,1391).
edge(391,390,1391).
edge(392,393,1570).
edge(393,392,1570).
edge(394,395,1391).
edge(395,394,1391).
edge(396,400,579).
edge(400,396,579).
edge(396,412,503).
edge(412,396,503).
edge(397,399,458).
edge(399,397,458).
edge(397,398,523).
edge(398,397,523).
edge(398,400,461).
edge(400,398,461).
edge(399,407,481).
edge(407,399,481).
edge(401,402,520).
edge(402,401,520).
edge(401,413,549).
edge(413,401,549).
edge(402,412,553).
edge(412,402,553).
edge(414,415,1947).
edge(415,414,1947).
edge(428,429,2609).
edge(429,428,2609).
edge(429,432,1775).
edge(432,429,1775).
edge(429,433,1956).
edge(433,429,1956).
conflict(1,1).
conflict(6,6).
conflict(7,7).
conflict(8,8).
conflict(9,9).
conflict(10,10).
conflict(11,11).
conflict(12,12).
conflict(13,13).
conflict(14,14).
conflict(15,15).
conflict(16,16).
conflict(17,17).
conflict(18,18).
conflict(19,19).
conflict(20,20).
conflict(21,21).
conflict(22,22).
conflict(23,23).
conflict(24,24).
conflict(25,25).
conflict(26,26).
conflict(27,27).
conflict(28,28).
conflict(29,29).
conflict(30,30).
conflict(31,31).
conflict(32,32).
conflict(33,33).
conflict(34,34).
conflict(35,35).
conflict(36,36).
conflict(37,37).
conflict(38,38).
conflict(39,39).
conflict(40,40).
conflict(41,41).
conflict(42,42).
conflict(43,43).
conflict(44,44).
conflict(45,45).
conflict(46,46).
conflict(47,47).
conflict(48,48).
conflict(49,49).
conflict(50,50).
conflict(51,51).
conflict(52,52).
conflict(53,53).
conflict(54,54).
conflict(55,55).
conflict(56,56).
conflict(57,57).
conflict(58,58).
conflict(59,59).
conflict(60,60).
conflict(61,61).
conflict(62,62).
conflict(63,63).
conflict(64,64).
conflict(65,65).
conflict(66,66).
conflict(67,67).
conflict(68,68).
conflict(69,69).
conflict(70,70).
conflict(71,71).
conflict(72,72).
conflict(73,73).
conflict(74,74).
conflict(75,75).
conflict(76,76).
conflict(77,77).
conflict(78,78).
conflict(79,79).
conflict(80,80).
conflict(81,81).
conflict(82,82).
conflict(83,83).
conflict(84,84).
conflict(85,85).
conflict(86,86).
conflict(87,87).
conflict(88,88).
conflict(89,89).
conflict(90,90).
conflict(91,91).
conflict(92,92).
conflict(93,93).
conflict(94,94).
conflict(95,95).
conflict(96,96).
conflict(97,97).
conflict(98,98).
conflict(99,99).
conflict(100,100).
conflict(101,101).
conflict(102,102).
conflict(103,103).
conflict(104,104).
conflict(105,105).
conflict(106,106).
conflict(107,107).
conflict(108,108).
conflict(109,109).
conflict(110,110).
conflict(111,111).
conflict(112,112).
conflict(113,113).
conflict(114,114).
conflict(115,115).
conflict(116,116).
conflict(117,117).
conflict(118,118).
conflict(119,119).
conflict(120,120).
conflict(121,121).
conflict(122,122).
conflict(123,123).
conflict(124,124).
conflict(125,125).
conflict(126,126).
conflict(127,127).
conflict(128,128).
conflict(129,129).
conflict(130,130).
conflict(131,131).
conflict(132,132).
conflict(133,133).
conflict(134,134).
conflict(135,135).
conflict(136,136).
conflict(137,137).
conflict(138,138).
conflict(139,139).
conflict(140,140).
conflict(141,141).
conflict(142,142).
conflict(143,143).
conflict(144,144).
conflict(145,145).
conflict(146,146).
conflict(147,147).
conflict(148,148).
conflict(149,149).
conflict(150,150).
conflict(151,151).
conflict(152,152).
conflict(153,153).
conflict(154,154).
conflict(155,155).
conflict(156,156).
conflict(157,157).
conflict(158,158).
conflict(159,159).
conflict(160,160).
conflict(161,161).
conflict(162,162).
conflict(163,163).
conflict(164,164).
conflict(165,165).
conflict(166,166).
conflict(167,167).
conflict(168,168).
conflict(169,169).
conflict(170,170).
conflict(171,171).
conflict(172,172).
conflict(173,173).
conflict(174,174).
conflict(175,175).
conflict(176,176).
conflict(177,177).
conflict(178,178).
conflict(179,179).
conflict(180,180).
conflict(181,181).
conflict(182,182).
conflict(183,183).
conflict(184,184).
conflict(185,185).
conflict(186,186).
conflict(187,187).
conflict(188,188).
conflict(189,189).
conflict(190,190).
conflict(191,191).
conflict(192,192).
conflict(193,193).
conflict(194,194).
conflict(195,195).
conflict(196,196).
conflict(197,197).
conflict(198,198).
conflict(199,199).
conflict(200,200).
conflict(201,201).
conflict(202,202).
conflict(203,203).
conflict(204,204).
conflict(205,205).
conflict(206,206).
conflict(207,207).
conflict(208,208).
conflict(209,209).
conflict(210,210).
conflict(211,211).
conflict(212,212).
conflict(213,213).
conflict(214,214).
conflict(215,215).
conflict(216,216).
conflict(217,217).
conflict(218,218).
conflict(219,219).
conflict(220,220).
conflict(221,221).
conflict(222,222).
conflict(223,223).
conflict(224,224).
conflict(225,225).
conflict(226,226).
conflict(227,227).
conflict(228,228).
conflict(229,229).
conflict(230,230).
conflict(231,231).
conflict(232,232).
conflict(233,233).
conflict(234,234).
conflict(235,235).
conflict(236,236).
conflict(237,237).
conflict(238,238).
conflict(239,239).
conflict(240,240).
conflict(241,241).
conflict(242,242).
conflict(243,243).
conflict(244,244).
conflict(245,245).
conflict(246,246).
conflict(247,247).
conflict(248,248).
conflict(249,249).
conflict(250,250).
conflict(251,251).
conflict(252,252).
conflict(253,253).
conflict(254,254).
conflict(255,255).
conflict(256,256).
conflict(257,257).
conflict(258,258).
conflict(259,259).
conflict(260,260).
conflict(261,261).
conflict(262,262).
conflict(263,263).
conflict(264,264).
conflict(265,265).
conflict(266,266).
conflict(267,267).
conflict(268,268).
conflict(269,269).
conflict(270,270).
conflict(271,271).
conflict(272,272).
conflict(273,273).
conflict(274,274).
conflict(275,275).
conflict(276,276).
conflict(277,277).
conflict(278,278).
conflict(279,279).
conflict(280,280).
conflict(281,281).
conflict(282,282).
conflict(283,283).
conflict(284,284).
conflict(285,285).
conflict(286,286).
conflict(287,287).
conflict(288,288).
conflict(289,289).
conflict(290,290).
conflict(291,291).
conflict(292,292).
conflict(293,293).
conflict(294,294).
conflict(295,295).
conflict(296,296).
conflict(297,297).
conflict(298,298).
conflict(299,299).
conflict(300,300).
conflict(301,301).
conflict(302,302).
conflict(303,303).
conflict(304,304).
conflict(305,305).
conflict(306,306).
conflict(307,307).
conflict(308,308).
conflict(309,309).
conflict(310,310).
conflict(311,311).
conflict(312,312).
conflict(313,313).
conflict(314,314).
conflict(315,315).
conflict(316,316).
conflict(317,317).
conflict(318,318).
conflict(319,319).
conflict(320,320).
conflict(321,321).
conflict(322,322).
conflict(323,323).
conflict(324,324).
conflict(325,325).
conflict(326,326).
conflict(327,327).
conflict(328,328).
conflict(329,329).
conflict(330,330).
conflict(331,331).
conflict(332,332).
conflict(333,333).
conflict(334,334).
conflict(335,335).
conflict(336,336).
conflict(337,337).
conflict(338,338).
conflict(339,339).
conflict(340,340).
conflict(341,341).
conflict(342,342).
conflict(343,343).
conflict(344,344).
conflict(345,345).
conflict(346,346).
conflict(347,347).
conflict(348,348).
conflict(349,349).
conflict(350,350).
conflict(351,351).
conflict(352,352).
conflict(353,353).
conflict(354,354).
conflict(355,355).
conflict(356,356).
conflict(357,357).
conflict(358,358).
conflict(359,359).
conflict(360,360).
conflict(361,361).
conflict(362,362).
conflict(363,363).
conflict(364,364).
conflict(365,365).
conflict(366,366).
conflict(367,367).
conflict(368,368).
conflict(369,369).
conflict(370,370).
conflict(371,371).
conflict(372,372).
conflict(373,373).
conflict(374,374).
conflict(375,375).
conflict(376,376).
conflict(377,377).
conflict(378,378).
conflict(379,379).
conflict(380,380).
conflict(381,381).
conflict(382,382).
conflict(383,383).
conflict(384,384).
conflict(385,385).
conflict(386,386).
conflict(387,387).
conflict(388,388).
conflict(389,389).
conflict(390,390).
conflict(391,391).
conflict(392,392).
conflict(393,393).
conflict(394,394).
conflict(395,395).
conflict(396,396).
conflict(397,397).
conflict(398,398).
conflict(399,399).
conflict(400,400).
conflict(401,401).
conflict(402,402).
conflict(407,407).
conflict(412,412).
conflict(413,413).
conflict(414,414).
conflict(415,415).
conflict(428,428).
conflict(429,429).
conflict(430,430).
conflict(431,431).
conflict(432,432).
conflict(433,433).
conflict(434,434).
conflict(435,435).
conflict(436,436).
conflict(437,437).
conflict(438,438).
conflict(439,439).
conflict(440,440).
conflict(441,441).
conflict(442,442).
conflict(443,443).
conflict(444,444).
conflict(445,445).
conflict(455,455).
conflict(497,497).
conflict(499,499).
conflict(500,500).
conflict(501,501).
conflict(504,504).
conflict(506,506).
task((1,dpickup),309).
task((1,dputdown),351).
task((1,rpickup),441).
task((1,rputdown),309).
task((2,dpickup),345).
task((2,dputdown),282).
task((2,rpickup),439).
task((2,rputdown),345).
task((3,dpickup),338).
task((3,dputdown),306).
task((3,rpickup),289).
task((3,rputdown),338).
task((4,dpickup),444).
task((4,dputdown),431).
task((4,rpickup),313).
task((4,rputdown),444).
task((5,dpickup),333).
task((5,dputdown),291).
task((5,rpickup),300).
task((5,rputdown),333).
task((6,dpickup),445).
task((6,dputdown),315).
task((6,rpickup),442).
task((6,rputdown),445).
task((7,dpickup),354).
task((7,dputdown),327).
task((7,rpickup),312).
task((7,rputdown),354).
task((8,dpickup),394).
task((8,dputdown),284).
task((8,rpickup),339).
task((8,rputdown),394).
task((9,dpickup),318).
task((9,dputdown),288).
task((9,rpickup),388).
task((9,rputdown),318).
task((10,dpickup),428).
task((10,dputdown),326).
task((10,rpickup),330).
task((10,rputdown),428).
task((11,dpickup),303).
task((11,dputdown),390).
task((11,rpickup),353).
task((11,rputdown),303).
task((12,dpickup),348).
task((12,dputdown),501).
task((12,rpickup),316).
task((12,rputdown),348).
task((13,dpickup),356).
task((13,dputdown),344).
task((13,rpickup),313).
task((13,rputdown),356).
task((14,dpickup),355).
task((14,dputdown),391).
task((14,rpickup),442).
task((14,rputdown),355).
task((15,dpickup),352).
task((15,dputdown),279).
task((15,rpickup),280).
task((15,rputdown),352).
task((16,dpickup),343).
task((16,dputdown),395).
task((16,rpickup),285).
task((16,rputdown),343).
task((17,dpickup),443).
task((17,dputdown),332).
task((17,rpickup),500).
task((17,rputdown),443).
task((18,dpickup),281).
task((18,dputdown),305).
task((18,rpickup),290).
task((18,rputdown),281).
task((19,dpickup),307).
task((19,dputdown),506).
task((19,rpickup),337).
task((19,rputdown),307).
task((20,dpickup),320).
task((20,dputdown),347).
task((20,rpickup),319).
task((20,rputdown),320).
home(r1,387).
home(r2,415).
start(r1,387).
start(r2,415).
robot(r1).
robot(r2).
depends(deliver,(1,dpickup),(1,dputdown)).
depends(deliver,(1,rpickup),(1,rputdown)).
depends(wait,(1,dpickup),(1,rputdown)).
depends(deliver,(2,dpickup),(2,dputdown)).
depends(deliver,(2,rpickup),(2,rputdown)).
depends(wait,(2,dpickup),(2,rputdown)).
depends(deliver,(3,dpickup),(3,dputdown)).
depends(deliver,(3,rpickup),(3,rputdown)).
depends(wait,(3,dpickup),(3,rputdown)).
depends(deliver,(4,dpickup),(4,dputdown)).
depends(deliver,(4,rpickup),(4,rputdown)).
depends(wait,(4,dpickup),(4,rputdown)).
depends(deliver,(5,dpickup),(5,dputdown)).
depends(deliver,(5,rpickup),(5,rputdown)).
depends(wait,(5,dpickup),(5,rputdown)).
depends(deliver,(6,dpickup),(6,dputdown)).
depends(deliver,(6,rpickup),(6,rputdown)).
depends(wait,(6,dpickup),(6,rputdown)).
depends(deliver,(7,dpickup),(7,dputdown)).
depends(deliver,(7,rpickup),(7,rputdown)).
depends(wait,(7,dpickup),(7,rputdown)).
depends(deliver,(8,dpickup),(8,dputdown)).
depends(deliver,(8,rpickup),(8,rputdown)).
depends(wait,(8,dpickup),(8,rputdown)).
depends(deliver,(9,dpickup),(9,dputdown)).
depends(deliver,(9,rpickup),(9,rputdown)).
depends(wait,(9,dpickup),(9,rputdown)).
depends(deliver,(10,dpickup),(10,dputdown)).
depends(deliver,(10,rpickup),(10,rputdown)).
depends(wait,(10,dpickup),(10,rputdown)).
depends(deliver,(11,dpickup),(11,dputdown)).
depends(deliver,(11,rpickup),(11,rputdown)).
depends(wait,(11,dpickup),(11,rputdown)).
depends(deliver,(12,dpickup),(12,dputdown)).
depends(deliver,(12,rpickup),(12,rputdown)).
depends(wait,(12,dpickup),(12,rputdown)).
depends(deliver,(13,dpickup),(13,dputdown)).
depends(deliver,(13,rpickup),(13,rputdown)).
depends(wait,(13,dpickup),(13,rputdown)).
depends(deliver,(14,dpickup),(14,dputdown)).
depends(deliver,(14,rpickup),(14,rputdown)).
depends(wait,(14,dpickup),(14,rputdown)).
depends(deliver,(15,dpickup),(15,dputdown)).
depends(deliver,(15,rpickup),(15,rputdown)).
depends(wait,(15,dpickup),(15,rputdown)).
depends(deliver,(16,dpickup),(16,dputdown)).
depends(deliver,(16,rpickup),(16,rputdown)).
depends(wait,(16,dpickup),(16,rputdown)).
depends(deliver,(17,dpickup),(17,dputdown)).
depends(deliver,(17,rpickup),(17,rputdown)).
depends(wait,(17,dpickup),(17,rputdown)).
depends(deliver,(18,dpickup),(18,dputdown)).
depends(deliver,(18,rpickup),(18,rputdown)).
depends(wait,(18,dpickup),(18,rputdown)).
depends(deliver,(19,dpickup),(19,dputdown)).
depends(deliver,(19,rpickup),(19,rputdown)).
depends(wait,(19,dpickup),(19,rputdown)).
depends(deliver,(20,dpickup),(20,dputdown)).
depends(deliver,(20,rpickup),(20,rputdown)).
depends(wait,(20,dpickup),(20,rputdown)).
shortest_path(309,351,13820,310).
shortest_path(309,441,24454,310).
shortest_path(309,345,15299,310).
shortest_path(309,282,20737,310).
shortest_path(309,439,11853,310).
shortest_path(309,338,13656,310).
shortest_path(309,306,11853,310).
shortest_path(309,289,23875,310).
shortest_path(309,444,12250,310).
shortest_path(309,431,34885,310).
shortest_path(309,313,14635,310).
shortest_path(309,333,28998,310).
shortest_path(309,291,24042,310).
shortest_path(309,300,14994,310).
shortest_path(309,445,15390,310).
shortest_path(309,315,13422,310).
shortest_path(309,442,24646,310).
shortest_path(309,354,19563,310).
shortest_path(309,327,25845,310).
shortest_path(309,312,13244,310).
shortest_path(309,394,21146,310).
shortest_path(309,284,19523,310).
shortest_path(309,339,12265,310).
shortest_path(309,318,19166,310).
shortest_path(309,288,21093,310).
shortest_path(309,388,22718,310).
shortest_path(309,428,31757,310).
shortest_path(309,326,23063,310).
shortest_path(309,330,23255,310).
shortest_path(309,303,17595,310).
shortest_path(309,390,19936,310).
shortest_path(309,353,16602,310).
shortest_path(309,348,13641,310).
shortest_path(309,501,14993,310).
shortest_path(309,316,14813,310).
shortest_path(309,356,16781,310).
shortest_path(309,344,13908,310).
shortest_path(309,355,18172,310).
shortest_path(309,391,18545,310).
shortest_path(309,352,15211,310).
shortest_path(309,279,16564,310).
shortest_path(309,280,17955,310).
shortest_path(309,343,12517,310).
shortest_path(309,395,19755,310).
shortest_path(309,285,22305,310).
shortest_path(309,443,24825,310).
shortest_path(309,332,27607,310).
shortest_path(309,500,2782,310).
shortest_path(309,281,19346,310).
shortest_path(309,305,14813,310).
shortest_path(309,290,25433,310).
shortest_path(309,307,14635,310).
shortest_path(309,506,17993,310).
shortest_path(309,337,16438,310).
shortest_path(309,320,16384,310).
shortest_path(309,347,15032,310).
shortest_path(309,319,17775,310).
shortest_path(309,387,14659,310).
shortest_path(309,415,18694,310).
shortest_path(351,309,13820,15).
shortest_path(351,441,23818,15).
shortest_path(351,345,14232,15).
shortest_path(351,282,20101,15).
shortest_path(351,439,8068,15).
shortest_path(351,338,13020,15).
shortest_path(351,306,11217,15).
shortest_path(351,289,23239,15).
shortest_path(351,444,8492,15).
shortest_path(351,431,27984,15).
shortest_path(351,313,10850,15).
shortest_path(351,333,28362,15).
shortest_path(351,291,23406,15).
shortest_path(351,300,14358,15).
shortest_path(351,445,8489,15).
shortest_path(351,315,6952,15).
shortest_path(351,442,24010,15).
shortest_path(351,354,12662,15).
shortest_path(351,327,25209,15).
shortest_path(351,312,9459,15).
shortest_path(351,394,20510,15).
shortest_path(351,284,18887,15).
shortest_path(351,339,11629,15).
shortest_path(351,318,12265,15).
shortest_path(351,288,20457,15).
shortest_path(351,388,22082,15).
shortest_path(351,428,24856,15).
shortest_path(351,326,22427,15).
shortest_path(351,330,22619,15).
shortest_path(351,303,16959,15).
shortest_path(351,390,19300,15).
shortest_path(351,353,2782,352).
shortest_path(351,348,9883,15).
shortest_path(351,501,8092,15).
shortest_path(351,316,8343,15).
shortest_path(351,356,9880,15).
shortest_path(351,344,12841,15).
shortest_path(351,355,11271,15).
shortest_path(351,391,17909,15).
shortest_path(351,352,1391,352).
shortest_path(351,279,15928,15).
shortest_path(351,280,17319,15).
shortest_path(351,343,11450,15).
shortest_path(351,395,19119,15).
shortest_path(351,285,21669,15).
shortest_path(351,443,24189,15).
shortest_path(351,332,26971,15).
shortest_path(351,500,11038,15).
shortest_path(351,281,18710,15).
shortest_path(351,305,14177,15).
shortest_path(351,290,24797,15).
shortest_path(351,307,13999,15).
shortest_path(351,506,4173,352).
shortest_path(351,337,15802,15).
shortest_path(351,320,9483,15).
shortest_path(351,347,11274,15).
shortest_path(351,319,10874,15).
shortest_path(351,387,14023,15).
shortest_path(351,415,18058,15).
shortest_path(441,309,24454,326).
shortest_path(441,351,23818,326).
shortest_path(441,345,24851,326).
shortest_path(441,282,18174,326).
shortest_path(441,439,21851,326).
shortest_path(441,338,20499,326).
shortest_path(441,306,18711,326).
shortest_path(441,289,15047,326).
shortest_path(441,444,22248,326).
shortest_path(441,431,44883,326).
shortest_path(441,313,24633,326).
shortest_path(441,333,17014,326).
shortest_path(441,291,12516,326).
shortest_path(441,300,15573,326).
shortest_path(441,445,25388,326).
shortest_path(441,315,23420,326).
shortest_path(441,442,12662,326).
shortest_path(441,354,29561,326).
shortest_path(441,327,1391,327).
shortest_path(441,312,23242,326).
shortest_path(441,394,18571,326).
shortest_path(441,284,13821,326).
shortest_path(441,339,19108,326).
shortest_path(441,318,29164,326).
shortest_path(441,288,12265,326).
shortest_path(441,388,17001,326).
shortest_path(441,428,41755,326).
shortest_path(441,326,1391,326).
shortest_path(441,330,11271,326).
shortest_path(441,303,21315,326).
shortest_path(441,390,14219,326).
shortest_path(441,353,26600,326).
shortest_path(441,348,23639,326).
shortest_path(441,501,24991,326).
shortest_path(441,316,24811,326).
shortest_path(441,356,26779,326).
shortest_path(441,344,23460,326).
shortest_path(441,355,28170,326).
shortest_path(441,391,12828,326).
shortest_path(441,352,25209,326).
shortest_path(441,279,14001,326).
shortest_path(441,280,15392,326).
shortest_path(441,343,22069,326).
shortest_path(441,395,17180,326).
shortest_path(441,285,16603,326).
shortest_path(441,443,12841,326).
shortest_path(441,332,15623,326).
shortest_path(441,500,21672,326).
shortest_path(441,281,16783,326).
shortest_path(441,305,18533,326).
shortest_path(441,290,13907,326).
shortest_path(441,307,21493,326).
shortest_path(441,506,27991,326).
shortest_path(441,337,23281,326).
shortest_path(441,320,26382,326).
shortest_path(441,347,25030,326).
shortest_path(441,319,27773,326).
shortest_path(441,387,16133,326).
shortest_path(441,415,20168,326).
shortest_path(345,309,15299,344).
shortest_path(345,351,14232,344).
shortest_path(345,441,24851,344).
shortest_path(345,282,21134,344).
shortest_path(345,439,12265,344).
shortest_path(345,338,14053,344).
shortest_path(345,306,12250,344).
shortest_path(345,289,24272,344).
shortest_path(345,444,12662,344).
shortest_path(345,431,35297,344).
shortest_path(345,313,15047,344).
shortest_path(345,333,29395,344).
shortest_path(345,291,24439,344).
shortest_path(345,300,15391,344).
shortest_path(345,445,15802,344).
shortest_path(345,315,13834,344).
shortest_path(345,442,25043,344).
shortest_path(345,354,19975,344).
shortest_path(345,327,26242,344).
shortest_path(345,312,13656,344).
shortest_path(345,394,21543,344).
shortest_path(345,284,19920,344).
shortest_path(345,339,12662,344).
shortest_path(345,318,19578,344).
shortest_path(345,288,21490,344).
shortest_path(345,388,23115,344).
shortest_path(345,428,32169,344).
shortest_path(345,326,23460,344).
shortest_path(345,330,23652,344).
shortest_path(345,303,17992,344).
shortest_path(345,390,20333,344).
shortest_path(345,353,17014,344).
shortest_path(345,348,14053,344).
shortest_path(345,501,15405,344).
shortest_path(345,316,15225,344).
shortest_path(345,356,17193,344).
shortest_path(345,344,1391,344).
shortest_path(345,355,18584,344).
shortest_path(345,391,18942,344).
shortest_path(345,352,15623,344).
shortest_path(345,279,16961,344).
shortest_path(345,280,18352,344).
shortest_path(345,343,2782,344).
shortest_path(345,395,20152,344).
shortest_path(345,285,22702,344).
shortest_path(345,443,25222,344).
shortest_path(345,332,28004,344).
shortest_path(345,500,12517,344).
shortest_path(345,281,19743,344).
shortest_path(345,305,15210,344).
shortest_path(345,290,25830,344).
shortest_path(345,307,15032,344).
shortest_path(345,506,18405,344).
shortest_path(345,337,16835,344).
shortest_path(345,320,16796,344).
shortest_path(345,347,15444,344).
shortest_path(345,319,18187,344).
shortest_path(345,387,15056,344).
shortest_path(345,415,19091,344).
shortest_path(282,309,20737,281).
shortest_path(282,351,20101,281).
shortest_path(282,441,18174,281).
shortest_path(282,345,21134,281).
shortest_path(282,439,18134,281).
shortest_path(282,338,16782,281).
shortest_path(282,306,14994,281).
shortest_path(282,289,17595,281).
shortest_path(282,444,18531,281).
shortest_path(282,431,41166,281).
shortest_path(282,313,20916,281).
shortest_path(282,333,22718,281).
shortest_path(282,291,17762,281).
shortest_path(282,300,11856,281).
shortest_path(282,445,21671,281).
shortest_path(282,315,19703,281).
shortest_path(282,442,18366,281).
shortest_path(282,354,25844,281).
shortest_path(282,327,19565,281).
shortest_path(282,312,19525,281).
shortest_path(282,394,15299,281).
shortest_path(282,284,13243,281).
shortest_path(282,339,15391,281).
shortest_path(282,318,25447,281).
shortest_path(282,288,14813,281).
shortest_path(282,388,16438,281).
shortest_path(282,428,38038,281).
shortest_path(282,326,16783,281).
shortest_path(282,330,16975,281).
shortest_path(282,303,17598,281).
shortest_path(282,390,13656,281).
shortest_path(282,353,22883,281).
shortest_path(282,348,19922,281).
shortest_path(282,501,21274,281).
shortest_path(282,316,21094,281).
shortest_path(282,356,23062,281).
shortest_path(282,344,19743,281).
shortest_path(282,355,24453,281).
shortest_path(282,391,12265,281).
shortest_path(282,352,21492,281).
shortest_path(282,279,4173,281).
shortest_path(282,280,2782,281).
shortest_path(282,343,18352,281).
shortest_path(282,395,13908,281).
shortest_path(282,285,16025,281).
shortest_path(282,443,18545,281).
shortest_path(282,332,21327,281).
shortest_path(282,500,17955,281).
shortest_path(282,281,1391,281).
shortest_path(282,305,14816,281).
shortest_path(282,290,19153,281).
shortest_path(282,307,17776,281).
shortest_path(282,506,24274,281).
shortest_path(282,337,19564,281).
shortest_path(282,320,22665,281).
shortest_path(282,347,21313,281).
shortest_path(282,319,24056,281).
shortest_path(282,387,12416,281).
shortest_path(282,415,16451,281).
shortest_path(439,309,11853,37).
shortest_path(439,351,8068,37).
shortest_path(439,441,21851,37).
shortest_path(439,345,12265,37).
shortest_path(439,282,18134,37).
shortest_path(439,338,11053,37).
shortest_path(439,306,9250,37).
shortest_path(439,289,21272,37).
shortest_path(439,444,6953,37).
