edge(1,89,2223).
edge(89,1,2223).
edge(2,72,2287).
edge(72,2,2287).
edge(3,81,2306).
edge(81,3,2306).
edge(4,65,1914).
edge(65,4,1914).
edge(5,58,1556).
edge(58,5,1556).
edge(6,45,8054).
edge(45,6,8054).
edge(7,40,8103).
edge(40,7,8103).
edge(8,41,8094).
edge(41,8,8094).
edge(9,42,8082).
edge(42,9,8082).
edge(10,43,8074).
edge(43,10,8074).
edge(11,44,8062).
edge(44,11,8062).
edge(16,115,3006).
edge(115,16,3006).
edge(17,119,3037).
edge(119,17,3037).
edge(18,120,3031).
edge(120,18,3031).
edge(19,118,3025).
edge(118,19,3025).
edge(20,117,3018).
edge(117,20,3018).
edge(21,116,3012).
edge(116,21,3012).
edge(22,121,2929).
edge(121,22,2929).
edge(23,122,2934).
edge(122,23,2934).
edge(24,123,2940).
edge(123,24,2940).
edge(25,124,2945).
edge(124,25,2945).
edge(26,125,2951).
edge(125,26,2951).
edge(27,126,2956).
edge(126,27,2956).
edge(28,127,2905).
edge(127,28,2905).
edge(29,128,2911).
edge(128,29,2911).
edge(30,129,2916).
edge(129,30,2916).
edge(31,130,2921).
edge(130,31,2921).
edge(32,131,2927).
edge(131,32,2927).
edge(33,132,2932).
edge(132,33,2932).
edge(34,39,2921).
edge(39,34,2921).
edge(34,45,1570).
edge(45,34,1570).
edge(35,36,2885).
edge(36,35,2885).
edge(35,40,2081).
edge(40,35,2081).
edge(35,49,6817).
edge(49,35,6817).
edge(36,37,4171).
edge(37,36,4171).
edge(36,41,1994).
edge(41,36,1994).
edge(37,38,2840).
edge(38,37,2840).
edge(37,42,1869).
edge(42,37,1869).
edge(38,39,4171).
edge(39,38,4171).
edge(38,43,1783).
edge(43,38,1783).
edge(39,44,1658).
edge(44,39,1658).
edge(40,51,1587).
edge(51,40,1587).
edge(40,41,2843).
edge(41,40,2843).
edge(41,42,4173).
edge(42,41,4173).
edge(42,43,2842).
edge(43,42,2842).
edge(43,44,4173).
edge(44,43,4173).
edge(44,45,2913).
edge(45,44,2913).
edge(46,101,6784).
edge(101,46,6784).
edge(46,47,1433).
edge(47,46,1433).
edge(46,91,1560).
edge(91,46,1560).
edge(47,90,1560).
edge(90,47,1560).
edge(47,102,1523).
edge(102,47,1523).
edge(50,80,9672).
edge(80,50,9672).
edge(50,57,1447).
edge(57,50,1447).
edge(53,57,9459).
edge(57,53,9459).
edge(53,58,9473).
edge(58,53,9473).
edge(54,58,5350).
edge(58,54,5350).
edge(54,56,9459).
edge(56,54,9459).
edge(55,150,12799).
edge(150,55,12799).
edge(55,56,1447).
edge(56,55,1447).
edge(55,79,3718).
edge(79,55,3718).
edge(56,83,3717).
edge(83,56,3717).
edge(56,151,12799).
edge(151,56,12799).
edge(57,82,9673).
edge(82,57,9673).
edge(59,144,11416).
edge(144,59,11416).
edge(59,60,1446).
edge(60,59,1446).
edge(59,67,3739).
edge(67,59,3739).
edge(60,147,3738).
edge(147,60,3738).
edge(60,61,9751).
edge(61,60,9751).
edge(60,145,11417).
edge(145,60,11417).
edge(61,65,5274).
edge(65,61,5274).
edge(62,63,9751).
edge(63,62,9751).
edge(62,65,9550).
edge(65,62,9550).
edge(63,143,14093).
edge(143,63,14093).
edge(63,64,1446).
edge(64,63,1446).
edge(63,146,9652).
edge(146,63,9652).
edge(64,66,9651).
edge(66,64,9651).
edge(64,142,14093).
edge(142,64,14093).
edge(66,67,1434).
edge(67,66,1434).
edge(66,146,1446).
edge(146,66,1446).
edge(67,147,1446).
edge(147,67,1446).
edge(68,69,6938).
edge(69,68,6938).
edge(68,73,1440).
edge(73,68,1440).
edge(69,70,9283).
edge(70,69,9283).
edge(70,72,5431).
edge(72,70,5431).
edge(71,72,2948).
edge(72,71,2948).
edge(71,73,9283).
edge(73,71,9283).
edge(74,76,6938).
edge(76,74,6938).
edge(74,78,1440).
edge(78,74,1440).
edge(75,133,22533).
edge(133,75,22533).
edge(75,81,5672).
edge(81,75,5672).
edge(75,76,9283).
edge(76,75,9283).
edge(77,110,22531).
edge(110,77,22531).
edge(77,78,9283).
edge(78,77,9283).
edge(77,81,2707).
edge(81,77,2707).
edge(79,80,1434).
edge(80,79,1434).
edge(79,83,1447).
edge(83,79,1447).
edge(80,82,1447).
edge(82,80,1447).
edge(82,83,1433).
edge(83,82,1433).
edge(84,86,6502).
edge(86,84,6502).
edge(84,88,1440).
edge(88,84,1440).
edge(85,135,4563).
edge(135,85,4563).
edge(85,89,5627).
edge(89,85,5627).
edge(85,86,9283).
edge(86,85,9283).
edge(87,136,4560).
edge(136,87,4560).
edge(87,88,9283).
edge(88,87,9283).
edge(87,89,2317).
edge(89,87,2317).
edge(90,107,1519).
edge(107,90,1519).
edge(90,91,1433).
edge(91,90,1433).
edge(91,108,6789).
edge(108,91,6789).
edge(92,94,8034).
edge(94,92,8034).
edge(93,94,1568).
edge(94,93,1568).
edge(95,105,8005).
edge(105,95,8005).
edge(96,106,7985).
edge(106,96,7985).
edge(97,107,7964).
edge(107,97,7964).
edge(98,108,7935).
edge(108,98,7935).
edge(99,109,7915).
edge(109,99,7915).
edge(100,109,1556).
edge(109,100,1556).
edge(101,108,1558).
edge(108,101,1558).
edge(102,107,1561).
edge(107,102,1561).
edge(103,106,1563).
edge(106,103,1563).
edge(104,105,1565).
edge(105,104,1565).
edge(110,133,8383).
edge(133,110,8383).
edge(111,129,1067).
edge(129,111,1067).
edge(111,128,239).
edge(128,111,239).
edge(112,121,1075).
edge(121,112,1075).
edge(114,115,1243).
edge(115,114,1243).
edge(115,116,1306).
edge(116,115,1306).
edge(116,117,1306).
edge(117,116,1306).
edge(117,118,1306).
edge(118,117,1306).
edge(118,120,1330).
edge(120,118,1330).
edge(119,120,1306).
edge(120,119,1306).
edge(121,122,1343).
edge(122,121,1343).
edge(122,123,1306).
edge(123,122,1306).
edge(123,124,1305).
edge(124,123,1305).
edge(124,125,1331).
edge(125,124,1331).
edge(125,126,1306).
edge(126,125,1306).
edge(126,127,2534).
edge(127,126,2534).
edge(127,128,1306).
edge(128,127,1306).
edge(129,130,1305).
edge(130,129,1305).
edge(130,131,1331).
edge(131,130,1331).
edge(131,132,1306).
edge(132,131,1306).
edge(134,139,16538).
edge(139,134,16538).
edge(134,135,1587).
edge(135,134,1587).
edge(136,137,1583).
edge(137,136,1583).
edge(137,141,16542).
edge(141,137,16542).
edge(138,139,1434).
edge(139,138,1434).
edge(140,141,1429).
edge(141,140,1429).
edge(142,143,1446).
edge(143,142,1446).
edge(144,145,1446).
edge(145,144,1446).
edge(146,147,1433).
edge(147,146,1433).
edge(148,149,1554).
edge(149,148,1554).
edge(150,151,1447).
edge(151,150,1447).
edge(-103628,-104693,8384).
edge(-104693,-103628,8384).
edge(-103628,110,1410).
edge(110,-103628,1410).
edge(-103647,-103665,1500).
edge(-103665,-103647,1500).
edge(-103647,-103656,1566).
edge(-103656,-103647,1566).
edge(-103647,105,2948).
edge(105,-103647,2948).
edge(-103656,104,2943).
edge(104,-103656,2943).
edge(-103656,-103657,2262).
edge(-103657,-103656,2262).
edge(-103656,-103666,1500).
edge(-103666,-103656,1500).
edge(-103664,-103666,2262).
edge(-103666,-103664,2262).
edge(-103665,-103706,1500).
edge(-103706,-103665,1500).
edge(-103665,-103666,1566).
edge(-103666,-103665,1566).
edge(-103666,-103707,1500).
edge(-103707,-103666,1500).
edge(-103705,-103707,2262).
edge(-103707,-103705,2262).
edge(-103706,-103735,1500).
edge(-103735,-103706,1500).
edge(-103706,-103707,1567).
edge(-103707,-103706,1567).
edge(-103707,-103736,1500).
edge(-103736,-103707,1500).
edge(-103734,-103736,2262).
edge(-103736,-103734,2262).
edge(-103735,94,2329).
edge(94,-103735,2329).
edge(-103735,-103736,1567).
edge(-103736,-103735,1567).
edge(-103736,93,2333).
edge(93,-103736,2333).
edge(-103767,-103772,1446).
edge(-103772,-103767,1446).
edge(-103767,-103770,1500).
edge(-103770,-103767,1500).
edge(-103767,-103775,2341).
edge(-103775,-103767,2341).
edge(-103767,144,7831).
edge(144,-103767,7831).
edge(-103768,-103771,2341).
edge(-103771,-103768,2341).
edge(-103769,-103773,1500).
edge(-103773,-103769,1500).
edge(-103769,-103776,1446).
edge(-103776,-103769,1446).
edge(-103769,-104624,4164).
edge(-104624,-103769,4164).
edge(-103770,-103774,1446).
edge(-103774,-103770,1446).
edge(-103770,-103771,1500).
edge(-103771,-103770,1500).
edge(-103770,-103778,2341).
edge(-103778,-103770,2341).
edge(-103771,-103773,1446).
edge(-103773,-103771,1446).
edge(-103771,-103776,1500).
edge(-103776,-103771,1500).
edge(-103772,145,7831).
edge(145,-103772,7831).
edge(-103772,-103774,1500).
edge(-103774,-103772,1500).
edge(-103773,-103774,1500).
edge(-103774,-103773,1500).
edge(-103776,-104623,4199).
edge(-104623,-103776,4199).
edge(-103776,-103777,2341).
edge(-103777,-103776,2341).
edge(-103784,-103789,1447).
edge(-103789,-103784,1447).
edge(-103784,-103787,1500).
edge(-103787,-103784,1500).
edge(-103784,-103792,2292).
edge(-103792,-103784,2292).
edge(-103784,150,13334).
edge(150,-103784,13334).
edge(-103785,-103788,2292).
edge(-103788,-103785,2292).
edge(-103786,-103790,1500).
edge(-103790,-103786,1500).
edge(-103786,-103793,1447).
edge(-103793,-103786,1447).
edge(-103786,-104644,10549).
edge(-104644,-103786,10549).
edge(-103787,-103791,1447).
edge(-103791,-103787,1447).
edge(-103787,-103788,1500).
edge(-103788,-103787,1500).
edge(-103787,-103795,2292).
edge(-103795,-103787,2292).
edge(-103788,-103790,1447).
edge(-103790,-103788,1447).
edge(-103788,-103793,1500).
edge(-103793,-103788,1500).
edge(-103789,151,13334).
edge(151,-103789,13334).
edge(-103789,-103791,1500).
edge(-103791,-103789,1500).
edge(-103790,-103791,1500).
edge(-103791,-103790,1500).
edge(-103793,-104643,10549).
edge(-104643,-103793,10549).
edge(-103793,-103794,2292).
edge(-103794,-103793,2292).
edge(-103797,-103802,1430).
edge(-103802,-103797,1430).
edge(-103797,-104700,8718).
edge(-104700,-103797,8718).
edge(-103797,-103800,1500).
edge(-103800,-103797,1500).
edge(-103797,-103805,2359).
edge(-103805,-103797,2359).
edge(-103798,-103801,2371).
edge(-103801,-103798,2371).
edge(-103799,-103803,1500).
edge(-103803,-103799,1500).
edge(-103799,-103806,1412).
edge(-103806,-103799,1412).
edge(-103799,-104664,10303).
edge(-104664,-103799,10303).
edge(-103800,-103804,1424).
edge(-103804,-103800,1424).
edge(-103800,-103801,1500).
edge(-103801,-103800,1500).
edge(-103800,-103808,2365).
edge(-103808,-103800,2365).
edge(-103801,-103803,1418).
edge(-103803,-103801,1418).
edge(-103801,-103806,1500).
edge(-103806,-103801,1500).
edge(-103802,-104701,8683).
edge(-104701,-103802,8683).
edge(-103802,-103804,1500).
edge(-103804,-103802,1500).
edge(-103803,-103804,1500).
edge(-103804,-103803,1500).
edge(-103806,-103807,2376).
edge(-103807,-103806,2376).
edge(-103806,-104699,10321).
edge(-104699,-103806,10321).
edge(-103818,-103823,1558).
edge(-103823,-103818,1558).
edge(-103818,-103821,1500).
edge(-103821,-103818,1500).
edge(-103818,-103826,2251).
edge(-103826,-103818,2251).
edge(-103818,101,1307).
edge(101,-103818,1307).
edge(-103819,-103822,2252).
edge(-103822,-103819,2252).
edge(-103820,-103824,1500).
edge(-103824,-103820,1500).
edge(-103820,-103827,1556).
edge(-103827,-103820,1556).
edge(-103820,109,1226).
edge(109,-103820,1226).
edge(-103821,-103825,1557).
edge(-103825,-103821,1557).
edge(-103821,-103822,1500).
edge(-103822,-103821,1500).
edge(-103821,-103829,2251).
edge(-103829,-103821,2251).
edge(-103822,-103824,1557).
edge(-103824,-103822,1557).
edge(-103822,-103827,1500).
edge(-103827,-103822,1500).
edge(-103823,108,1302).
edge(108,-103823,1302).
edge(-103823,-103825,1500).
edge(-103825,-103823,1500).
edge(-103824,-103825,1500).
edge(-103825,-103824,1500).
edge(-103827,100,1221).
edge(100,-103827,1221).
edge(-103827,-103828,2252).
edge(-103828,-103827,2252).
edge(-103952,-104131,1549).
edge(-104131,-103952,1549).
edge(-103952,-104593,7963).
edge(-104593,-103952,7963).
edge(-103954,149,3771).
edge(149,-103954,3771).
edge(-103955,-103957,1548).
edge(-103957,-103955,1548).
edge(-103956,-103957,3777).
edge(-103957,-103956,3777).
edge(-103957,149,2854).
edge(149,-103957,2854).
edge(-103957,-104008,4166).
edge(-104008,-103957,4166).
edge(-104006,-104008,1538).
edge(-104008,-104006,1538).
edge(-104007,-104008,3786).
edge(-104008,-104007,3786).
edge(-104008,-104594,3110).
edge(-104594,-104008,3110).
edge(-104074,-104076,1523).
edge(-104076,-104074,1523).
edge(-104075,-104076,3802).
edge(-104076,-104075,3802).
edge(-104076,-104594,3916).
edge(-104594,-104076,3916).
edge(-104076,-104138,2733).
edge(-104138,-104076,2733).
edge(-104131,-104138,1349).
edge(-104138,-104131,1349).
edge(-104136,-104138,1516).
edge(-104138,-104136,1516).
edge(-104137,-104138,3808).
edge(-104138,-104137,3808).
edge(-104469,119,2550).
edge(119,-104469,2550).
edge(-104469,-104702,5997).
edge(-104702,-104469,5997).
edge(-104469,-104700,8737).
edge(-104700,-104469,8737).
edge(-104469,113,1498).
edge(113,-104469,1498).
edge(-104534,-104535,1414).
edge(-104535,-104534,1414).
edge(-104534,-104536,4981).
edge(-104536,-104534,4981).
edge(-104534,15,10618).
edge(15,-104534,10618).
edge(-104535,-104537,4999).
edge(-104537,-104535,4999).
edge(-104535,14,10613).
edge(14,-104535,10613).
edge(-104536,-104537,1416).
edge(-104537,-104536,1416).
edge(-104536,-104538,4982).
edge(-104538,-104536,4982).
edge(-104537,-104539,4981).
edge(-104539,-104537,4981).
edge(-104538,-104539,1419).
edge(-104539,-104538,1419).
edge(-104538,-104540,7086).
edge(-104540,-104538,7086).
edge(-104539,-104541,7086).
edge(-104541,-104539,7086).
edge(-104540,-104541,1422).
edge(-104541,-104540,1422).
edge(-104540,-104542,7262).
edge(-104542,-104540,7262).
edge(-104541,-104543,7262).
edge(-104543,-104541,7262).
edge(-104542,-104543,1426).
edge(-104543,-104542,1426).
edge(-104542,140,6420).
edge(140,-104542,6420).
edge(-104543,141,6420).
edge(141,-104543,6420).
edge(-104544,-104545,1431).
edge(-104545,-104544,1431).
edge(-104544,-104546,2403).
edge(-104546,-104544,2403).
edge(-104544,140,2946).
edge(140,-104544,2946).
edge(-104545,-104547,2438).
edge(-104547,-104545,2438).
edge(-104545,141,2929).
edge(141,-104545,2929).
edge(-104546,-104547,1432).
edge(-104547,-104546,1432).
edge(-104546,138,2599).
edge(138,-104546,2599).
edge(-104547,139,2581).
edge(139,-104547,2581).
edge(-104548,-104549,1584).
edge(-104549,-104548,1584).
edge(-104548,137,2704).
edge(137,-104548,2704).
edge(-104548,-104550,2456).
edge(-104550,-104548,2456).
edge(-104549,136,2704).
edge(136,-104549,2704).
edge(-104549,-104551,2456).
edge(-104551,-104549,2456).
edge(-104550,-104551,1586).
edge(-104551,-104550,1586).
edge(-104550,134,2785).
edge(134,-104550,2785).
edge(-104551,135,2785).
edge(135,-104551,2785).
edge(-104552,-104553,1567).
edge(-104553,-104552,1567).
edge(-104552,13,9305).
edge(13,-104552,9305).
edge(-104552,-104554,6876).
edge(-104554,-104552,6876).
edge(-104553,12,9305).
edge(12,-104553,9305).
edge(-104553,-104555,6876).
edge(-104555,-104553,6876).
edge(-104554,-104555,1570).
edge(-104555,-104554,1570).
edge(-104554,-104556,5788).
edge(-104556,-104554,5788).
edge(-104555,-104557,5788).
edge(-104557,-104555,5788).
edge(-104556,-104557,1574).
edge(-104557,-104556,1574).
edge(-104556,-104558,6034).
edge(-104558,-104556,6034).
edge(-104557,-104559,6034).
edge(-104559,-104557,6034).
edge(-104558,-104559,1577).
edge(-104559,-104558,1577).
edge(-104558,-104560,5858).
edge(-104560,-104558,5858).
edge(-104559,-104561,5893).
edge(-104561,-104559,5893).
edge(-104560,-104561,1581).
edge(-104561,-104560,1581).
edge(-104560,137,5014).
edge(137,-104560,5014).
edge(-104561,136,4978).
edge(136,-104561,4978).
edge(-104565,-104567,1439).
edge(-104567,-104565,1439).
edge(-104565,88,6702).
edge(88,-104565,6702).
edge(-104565,-104568,7051).
edge(-104568,-104565,7051).
edge(-104567,84,6702).
edge(84,-104567,6702).
edge(-104567,-104569,7051).
edge(-104569,-104567,7051).
edge(-104568,-104569,1437).
edge(-104569,-104568,1437).
edge(-104568,-104570,6876).
edge(-104570,-104568,6876).
edge(-104569,-104571,6876).
edge(-104571,-104569,6876).
edge(-104570,-104571,1436).
edge(-104571,-104570,1436).
edge(-104570,-104572,5543).
edge(-104572,-104570,5543).
edge(-104571,-104573,5578).
edge(-104573,-104571,5578).
edge(-104572,-104573,1435).
edge(-104573,-104572,1435).
edge(-104572,-104574,5788).
edge(-104574,-104572,5788).
edge(-104573,-104575,5788).
edge(-104575,-104573,5788).
edge(-104574,-104575,1434).
edge(-104575,-104574,1434).
edge(-104574,46,4688).
edge(46,-104574,4688).
edge(-104575,47,4653).
edge(47,-104575,4653).
edge(-104591,-104592,1555).
edge(-104592,-104591,1555).
edge(-104591,148,3519).
edge(148,-104591,3519).
edge(-104591,100,3434).
edge(100,-104591,3434).
edge(-104592,109,3394).
edge(109,-104592,3394).
edge(-104592,149,3551).
edge(149,-104592,3551).
edge(-104593,-104594,1551).
edge(-104594,-104593,1551).
edge(-104593,148,10162).
edge(148,-104593,10162).
edge(-104595,-104596,1562).
edge(-104596,-104595,1562).
edge(-104595,102,3897).
edge(102,-104595,3897).
edge(-104595,103,3386).
edge(103,-104595,3386).
edge(-104596,106,3381).
edge(106,-104596,3381).
edge(-104596,107,3902).
edge(107,-104596,3902).
edge(-104597,-104598,1564).
edge(-104598,-104597,1564).
edge(-104597,103,3490).
edge(103,-104597,3490).
edge(-104597,104,3524).
edge(104,-104597,3524).
edge(-104598,105,3519).
edge(105,-104598,3519).
edge(-104598,106,3495).
edge(106,-104598,3495).
edge(-104599,-104600,1569).
edge(-104600,-104599,1569).
edge(-104599,93,3538).
edge(93,-104599,3538).
edge(-104599,34,3297).
edge(34,-104599,3297).
edge(-104600,45,3319).
edge(45,-104600,3319).
edge(-104600,94,3525).
edge(94,-104600,3525).
edge(-104603,-104604,1791).
edge(-104604,-104603,1791).
edge(-104603,-105635,4157).
edge(-105635,-104603,4157).
edge(-104603,-104605,4946).
edge(-104605,-104603,4946).
edge(-104604,-104606,4943).
edge(-104606,-104604,4943).
edge(-104604,-105641,4172).
edge(-105641,-104604,4172).
edge(-104605,-104606,1613).
edge(-104606,-104605,1613).
edge(-104605,-104607,4631).
edge(-104607,-104605,4631).
edge(-104606,-104608,4628).
edge(-104608,-104606,4628).
edge(-104607,-104608,1446).
edge(-104608,-104607,1446).
edge(-104607,-104609,4876).
edge(-104609,-104607,4876).
edge(-104608,-104610,4876).
edge(-104610,-104608,4876).
edge(-104609,-104610,1446).
edge(-104610,-104609,1446).
edge(-104609,-104611,4385).
edge(-104611,-104609,4385).
edge(-104610,-104612,4420).
edge(-104612,-104610,4420).
edge(-104611,-104612,1447).
edge(-104612,-104611,1447).
edge(-104611,-104613,4806).
edge(-104613,-104611,4806).
edge(-104612,-104614,4771).
edge(-104614,-104612,4771).
edge(-104613,-104614,1446).
edge(-104614,-104613,1446).
edge(-104613,-104615,5613).
edge(-104615,-104613,5613).
edge(-104614,-104616,5613).
edge(-104616,-104614,5613).
edge(-104615,-104616,1446).
edge(-104616,-104615,1446).
edge(-104615,-104617,5753).
edge(-104617,-104615,5753).
edge(-104616,-104618,5753).
edge(-104618,-104616,5753).
edge(-104617,-104618,1446).
edge(-104618,-104617,1446).
edge(-104617,-104619,5683).
edge(-104619,-104617,5683).
edge(-104618,-104620,5683).
edge(-104620,-104618,5683).
edge(-104619,-104620,1446).
edge(-104620,-104619,1446).
edge(-104619,-104621,5157).
edge(-104621,-104619,5157).
edge(-104620,-104622,5157).
edge(-104622,-104620,5157).
edge(-104621,-104622,1446).
edge(-104622,-104621,1446).
edge(-104621,-104623,4771).
edge(-104623,-104621,4771).
edge(-104622,-104624,4806).
edge(-104624,-104622,4806).
edge(-104623,-104624,1447).
edge(-104624,-104623,1447).
edge(-104633,-104634,1453).
edge(-104634,-104633,1453).
edge(-104633,142,9509).
edge(142,-104633,9509).
edge(-104633,-104635,10173).
edge(-104635,-104633,10173).
edge(-104634,-104636,10173).
edge(-104636,-104634,10173).
edge(-104634,143,9369).
edge(143,-104634,9369).
edge(-104635,-104636,1453).
edge(-104636,-104635,1453).
edge(-104635,-104637,11997).
edge(-104637,-104635,11997).
edge(-104636,-104638,12068).
edge(-104638,-104636,12068).
edge(-104637,-104638,1448).
edge(-104638,-104637,1448).
edge(-104637,-104639,11366).
edge(-104639,-104637,11366).
edge(-104638,-104640,11506).
edge(-104640,-104638,11506).
edge(-104639,-104640,1448).
edge(-104640,-104639,1448).
edge(-104639,-104641,13120).
edge(-104641,-104639,13120).
edge(-104640,-104642,12909).
edge(-104642,-104640,12909).
edge(-104641,-104642,1453).
edge(-104642,-104641,1453).
edge(-104641,-104643,10735).
edge(-104643,-104641,10735).
edge(-104642,-104644,10875).
edge(-104644,-104642,10875).
edge(-104643,-104644,1447).
edge(-104644,-104643,1447).
edge(-104645,-104646,1435).
edge(-104646,-104645,1435).
edge(-104645,-104647,8349).
edge(-104647,-104645,8349).
edge(-104645,67,8635).
edge(67,-104645,8635).
edge(-104646,-104648,8349).
edge(-104648,-104646,8349).
edge(-104646,66,8635).
edge(66,-104646,8635).
edge(-104647,-104648,1437).
edge(-104648,-104647,1437).
edge(-104647,-104649,8349).
edge(-104649,-104647,8349).
edge(-104648,-104650,8419).
edge(-104650,-104648,8419).
edge(-104649,-104650,1440).
edge(-104650,-104649,1440).
edge(-104649,73,8488).
edge(73,-104649,8488).
edge(-104650,68,8417).
edge(68,-104650,8417).
edge(-104651,-104652,1437).
edge(-104652,-104651,1437).
edge(-104651,-104653,8209).
edge(-104653,-104651,8209).
edge(-104651,79,8550).
edge(79,-104651,8550).
edge(-104652,-104654,8279).
edge(-104654,-104652,8279).
edge(-104652,80,8480).
edge(80,-104652,8480).
edge(-104653,-104654,1437).
edge(-104654,-104653,1437).
edge(-104653,-104655,8630).
edge(-104655,-104653,8630).
edge(-104654,-104656,8630).
edge(-104656,-104654,8630).
edge(-104655,-104656,1438).
edge(-104656,-104655,1438).
edge(-104655,78,8437).
edge(78,-104655,8437).
edge(-104656,74,8437).
edge(74,-104656,8437).
edge(-104658,-104660,13927).
edge(-104660,-104658,13927).
edge(-104658,-104696,1411).
edge(-104696,-104658,1411).
edge(-104658,133,14164).
edge(133,-104658,14164).
edge(-104660,-104662,11506).
edge(-104662,-104660,11506).
edge(-104660,-104697,1411).
edge(-104697,-104660,1411).
edge(-104662,-104664,11559).
edge(-104664,-104662,11559).
edge(-104662,-104698,1412).
edge(-104698,-104662,1412).
edge(-104664,-104699,1412).
edge(-104699,-104664,1412).
edge(-104693,-104696,14145).
edge(-104696,-104693,14145).
edge(-104693,133,1410).
edge(133,-104693,1410).
edge(-104696,-104697,13944).
edge(-104697,-104696,13944).
edge(-104697,-104698,11506).
edge(-104698,-104697,11506).
edge(-104698,-104699,11541).
edge(-104699,-104698,11541).
edge(-104700,-104701,1464).
edge(-104701,-104700,1464).
edge(-104701,113,8785).
edge(113,-104701,8785).
edge(-104702,-104703,1522).
edge(-104703,-104702,1522).
edge(-104702,127,6023).
edge(127,-104702,6023).
edge(-104703,111,6022).
edge(111,-104703,6022).
edge(-104703,113,5984).
edge(113,-104703,5984).
edge(-105635,-105641,1941).
edge(-105641,-105635,1941).
edge(-105635,49,2241).
edge(49,-105635,2241).
edge(-105641,51,7512).
edge(51,-105641,7512).
conflict(1,1).
conflict(2,2).
conflict(3,3).
conflict(4,4).
conflict(5,5).
conflict(6,6).
conflict(7,7).
conflict(8,8).
conflict(9,9).
conflict(10,10).
conflict(11,11).
conflict(12,12).
conflict(13,13).
conflict(14,14).
conflict(15,15).
conflict(16,16).
conflict(17,17).
conflict(18,18).
conflict(19,19).
conflict(20,20).
conflict(21,21).
conflict(22,22).
conflict(23,23).
conflict(24,24).
conflict(25,25).
conflict(26,26).
conflict(27,27).
conflict(28,28).
conflict(29,29).
conflict(30,30).
conflict(31,31).
conflict(32,32).
conflict(33,33).
conflict(34,34).
conflict(35,35).
conflict(36,36).
conflict(37,37).
conflict(38,38).
conflict(39,39).
conflict(40,40).
conflict(41,41).
conflict(42,42).
conflict(43,43).
conflict(44,44).
conflict(45,45).
conflict(46,46).
conflict(47,47).
conflict(49,49).
conflict(50,50).
conflict(51,51).
conflict(53,53).
conflict(54,54).
conflict(55,55).
conflict(56,56).
conflict(57,57).
conflict(58,58).
conflict(59,59).
conflict(60,60).
conflict(61,61).
conflict(62,62).
conflict(63,63).
conflict(64,64).
conflict(65,65).
conflict(66,66).
conflict(67,67).
conflict(68,68).
conflict(69,69).
conflict(70,70).
conflict(71,71).
conflict(72,72).
conflict(73,73).
conflict(74,74).
conflict(75,75).
conflict(76,76).
conflict(77,77).
conflict(78,78).
conflict(79,79).
conflict(80,80).
conflict(81,81).
conflict(82,82).
conflict(83,83).
conflict(84,84).
conflict(85,85).
conflict(86,86).
conflict(87,87).
conflict(88,88).
conflict(89,89).
conflict(90,90).
conflict(91,91).
conflict(92,92).
conflict(93,93).
conflict(94,94).
conflict(95,95).
conflict(96,96).
conflict(97,97).
conflict(98,98).
conflict(99,99).
conflict(100,100).
conflict(101,101).
conflict(102,102).
conflict(103,103).
conflict(104,104).
conflict(105,105).
conflict(106,106).
conflict(107,107).
conflict(108,108).
conflict(109,109).
conflict(110,110).
conflict(111,111).
conflict(112,112).
conflict(113,113).
conflict(114,114).
conflict(115,115).
conflict(116,116).
conflict(117,117).
conflict(118,118).
conflict(119,119).
conflict(120,120).
conflict(121,121).
conflict(122,122).
conflict(123,123).
conflict(124,124).
conflict(125,125).
conflict(126,126).
conflict(127,127).
conflict(128,128).
conflict(129,129).
conflict(130,130).
conflict(131,131).
conflict(132,132).
conflict(133,133).
conflict(134,134).
conflict(135,135).
conflict(136,136).
conflict(137,137).
conflict(138,138).
conflict(139,139).
conflict(140,140).
conflict(141,141).
conflict(142,142).
conflict(143,143).
conflict(144,144).
conflict(145,145).
conflict(146,146).
conflict(147,147).
conflict(148,148).
conflict(149,149).
conflict(150,150).
conflict(151,151).
conflict(-103628,-103628).
conflict(-103647,-103647).
conflict(-103656,-103656).
conflict(-103657,-103657).
conflict(-103664,-103664).
conflict(-103665,-103665).
conflict(-103666,-103666).
conflict(-103705,-103705).
conflict(-103706,-103706).
conflict(-103707,-103707).
conflict(-103734,-103734).
conflict(-103735,-103735).
conflict(-103736,-103736).
conflict(-103767,-103767).
conflict(-103768,-103768).
conflict(-103769,-103769).
conflict(-103770,-103770).
conflict(-103771,-103771).
conflict(-103772,-103772).
conflict(-103773,-103773).
conflict(-103774,-103774).
conflict(-103775,-103775).
conflict(-103776,-103776).
conflict(-103777,-103777).
conflict(-103778,-103778).
conflict(-103784,-103784).
conflict(-103785,-103785).
conflict(-103786,-103786).
conflict(-103787,-103787).
conflict(-103788,-103788).
conflict(-103789,-103789).
conflict(-103790,-103790).
conflict(-103791,-103791).
conflict(-103792,-103792).
conflict(-103793,-103793).
conflict(-103794,-103794).
conflict(-103795,-103795).
conflict(-103797,-103797).
conflict(-103798,-103798).
conflict(-103799,-103799).
conflict(-103800,-103800).
conflict(-103801,-103801).
conflict(-103802,-103802).
conflict(-103803,-103803).
conflict(-103804,-103804).
conflict(-103805,-103805).
conflict(-103806,-103806).
conflict(-103807,-103807).
conflict(-103808,-103808).
conflict(-103818,-103818).
conflict(-103819,-103819).
conflict(-103820,-103820).
conflict(-103821,-103821).
conflict(-103822,-103822).
conflict(-103823,-103823).
conflict(-103824,-103824).
conflict(-103825,-103825).
conflict(-103826,-103826).
conflict(-103827,-103827).
conflict(-103828,-103828).
conflict(-103829,-103829).
conflict(-103952,-103952).
conflict(-103954,-103954).
conflict(-103955,-103955).
conflict(-103956,-103956).
conflict(-103957,-103957).
conflict(-104006,-104006).
conflict(-104007,-104007).
conflict(-104008,-104008).
conflict(-104074,-104074).
conflict(-104075,-104075).
conflict(-104076,-104076).
conflict(-104131,-104131).
conflict(-104136,-104136).
conflict(-104137,-104137).
conflict(-104138,-104138).
conflict(-104469,-104469).
conflict(-104534,-104534).
conflict(-104535,-104535).
conflict(-104536,-104536).
conflict(-104537,-104537).
conflict(-104538,-104538).
conflict(-104539,-104539).
conflict(-104540,-104540).
conflict(-104541,-104541).
conflict(-104542,-104542).
conflict(-104543,-104543).
conflict(-104544,-104544).
conflict(-104545,-104545).
conflict(-104546,-104546).
conflict(-104547,-104547).
conflict(-104548,-104548).
conflict(-104549,-104549).
conflict(-104550,-104550).
conflict(-104551,-104551).
conflict(-104552,-104552).
conflict(-104553,-104553).
conflict(-104554,-104554).
conflict(-104555,-104555).
conflict(-104556,-104556).
conflict(-104557,-104557).
conflict(-104558,-104558).
conflict(-104559,-104559).
conflict(-104560,-104560).
conflict(-104561,-104561).
conflict(-104565,-104565).
conflict(-104567,-104567).
conflict(-104568,-104568).
conflict(-104569,-104569).
conflict(-104570,-104570).
conflict(-104571,-104571).
conflict(-104572,-104572).
conflict(-104573,-104573).
conflict(-104574,-104574).
conflict(-104575,-104575).
conflict(-104591,-104591).
conflict(-104592,-104592).
conflict(-104593,-104593).
conflict(-104594,-104594).
conflict(-104595,-104595).
conflict(-104596,-104596).
conflict(-104597,-104597).
conflict(-104598,-104598).
conflict(-104599,-104599).
conflict(-104600,-104600).
conflict(-104603,-104603).
conflict(-104604,-104604).
conflict(-104605,-104605).
conflict(-104606,-104606).
conflict(-104607,-104607).
conflict(-104608,-104608).
conflict(-104609,-104609).
conflict(-104610,-104610).
conflict(-104611,-104611).
conflict(-104612,-104612).
conflict(-104613,-104613).
conflict(-104614,-104614).
conflict(-104615,-104615).
conflict(-104616,-104616).
conflict(-104617,-104617).
conflict(-104618,-104618).
conflict(-104619,-104619).
conflict(-104620,-104620).
conflict(-104621,-104621).
conflict(-104622,-104622).
conflict(-104623,-104623).
conflict(-104624,-104624).
conflict(-104633,-104633).
conflict(-104634,-104634).
conflict(-104635,-104635).
conflict(-104636,-104636).
conflict(-104637,-104637).
conflict(-104638,-104638).
conflict(-104639,-104639).
conflict(-104640,-104640).
conflict(-104641,-104641).
conflict(-104642,-104642).
conflict(-104643,-104643).
conflict(-104644,-104644).
conflict(-104645,-104645).
conflict(-104646,-104646).
conflict(-104647,-104647).
conflict(-104648,-104648).
conflict(-104649,-104649).
conflict(-104650,-104650).
conflict(-104651,-104651).
conflict(-104652,-104652).
conflict(-104653,-104653).
conflict(-104654,-104654).
conflict(-104655,-104655).
conflict(-104656,-104656).
conflict(-104658,-104658).
conflict(-104660,-104660).
conflict(-104662,-104662).
conflict(-104664,-104664).
conflict(-104693,-104693).
conflict(-104696,-104696).
conflict(-104697,-104697).
conflict(-104698,-104698).
conflict(-104699,-104699).
conflict(-104700,-104700).
conflict(-104701,-104701).
conflict(-104702,-104702).
conflict(-104703,-104703).
conflict(-105635,-105635).
conflict(-105641,-105641).
task((1,dpickup),99).
task((1,dputdown),21).
task((1,rpickup),24).
task((1,rputdown),99).
task((2,dpickup),14).
task((2,dputdown),25).
task((2,rpickup),98).
task((2,rputdown),14).
task((3,dpickup),-104007).
task((3,dputdown),-104075).
task((3,rpickup),17).
task((3,rputdown),-104007).
task((4,dpickup),31).
task((4,dputdown),22).
task((4,rpickup),24).
task((4,rputdown),31).
task((5,dpickup),26).
task((5,dputdown),32).
task((5,rpickup),18).
task((5,rputdown),26).
task((6,dpickup),16).
task((6,dputdown),4).
task((6,rpickup),98).
task((6,rputdown),16).
task((7,dpickup),27).
task((7,dputdown),97).
task((7,rpickup),17).
task((7,rputdown),27).
task((8,dpickup),-104137).
task((8,dputdown),3).
task((8,rpickup),17).
task((8,rputdown),-104137).
task((9,dpickup),28).
task((9,dputdown),8).
task((9,rpickup),98).
task((9,rputdown),28).
task((10,dpickup),12).
task((10,dputdown),2).
task((10,rpickup),98).
task((10,rputdown),12).
task((11,dpickup),5).
task((11,dputdown),30).
task((11,rpickup),24).
task((11,rputdown),5).
task((12,dpickup),92).
task((12,dputdown),1).
task((12,rpickup),24).
task((12,rputdown),92).
task((13,dpickup),15).
task((13,dputdown),96).
task((13,rpickup),24).
task((13,rputdown),15).
task((14,dpickup),9).
task((14,dputdown),23).
task((14,rpickup),24).
task((14,rputdown),9).
task((15,dpickup),7).
task((15,dputdown),20).
task((15,rpickup),98).
task((15,rputdown),7).
task((16,dpickup),33).
task((16,dputdown),19).
task((16,rpickup),17).
task((16,rputdown),33).
task((17,dpickup),29).
task((17,dputdown),-103954).
task((17,rpickup),98).
task((17,rputdown),29).
task((18,dpickup),10).
task((18,dputdown),11).
task((18,rpickup),24).
task((18,rputdown),10).
task((19,dpickup),-103956).
task((19,dputdown),95).
task((19,rpickup),24).
task((19,rputdown),-103956).
task((20,dpickup),6).
task((20,dputdown),13).
task((20,rpickup),24).
task((20,rputdown),6).
home(r1,-103829).
home(r2,-103828).
home(r3,-103826).
home(r4,-103819).
home(r5,-103808).
home(r6,-103807).
home(r7,-103805).
home(r8,-103798).
home(r9,-103795).
home(r10,-103794).
home(r11,-103792).
home(r12,-103785).
home(r13,-103778).
home(r14,-103777).
home(r15,-103775).
home(r16,-103768).
home(r17,-103734).
home(r18,-103705).
home(r19,-103664).
home(r20,-103657).
start(r1,-103829).
start(r2,-103828).
start(r3,-103826).
start(r4,-103819).
start(r5,-103808).
start(r6,-103807).
start(r7,-103805).
start(r8,-103798).
start(r9,-103795).
start(r10,-103794).
start(r11,-103792).
start(r12,-103785).
start(r13,-103778).
start(r14,-103777).
start(r15,-103775).
start(r16,-103768).
start(r17,-103734).
start(r18,-103705).
start(r19,-103664).
start(r20,-103657).
robot(r1).
robot(r2).
robot(r3).
robot(r4).
robot(r5).
robot(r6).
robot(r7).
robot(r8).
robot(r9).
robot(r10).
robot(r11).
robot(r12).
robot(r13).
robot(r14).
robot(r15).
robot(r16).
robot(r17).
robot(r18).
robot(r19).
robot(r20).
depends(deliver,(1,dpickup),(1,dputdown)).
depends(deliver,(1,rpickup),(1,rputdown)).
depends(wait,(1,dpickup),(1,rputdown)).
depends(deliver,(2,dpickup),(2,dputdown)).
depends(deliver,(2,rpickup),(2,rputdown)).
depends(wait,(2,dpickup),(2,rputdown)).
depends(deliver,(3,dpickup),(3,dputdown)).
depends(deliver,(3,rpickup),(3,rputdown)).
depends(wait,(3,dpickup),(3,rputdown)).
depends(deliver,(4,dpickup),(4,dputdown)).
depends(deliver,(4,rpickup),(4,rputdown)).
depends(wait,(4,dpickup),(4,rputdown)).
depends(deliver,(5,dpickup),(5,dputdown)).
depends(deliver,(5,rpickup),(5,rputdown)).
depends(wait,(5,dpickup),(5,rputdown)).
depends(deliver,(6,dpickup),(6,dputdown)).
depends(deliver,(6,rpickup),(6,rputdown)).
depends(wait,(6,dpickup),(6,rputdown)).
depends(deliver,(7,dpickup),(7,dputdown)).
depends(deliver,(7,rpickup),(7,rputdown)).
depends(wait,(7,dpickup),(7,rputdown)).
depends(deliver,(8,dpickup),(8,dputdown)).
depends(deliver,(8,rpickup),(8,rputdown)).
depends(wait,(8,dpickup),(8,rputdown)).
depends(deliver,(9,dpickup),(9,dputdown)).
depends(deliver,(9,rpickup),(9,rputdown)).
depends(wait,(9,dpickup),(9,rputdown)).
depends(deliver,(10,dpickup),(10,dputdown)).
depends(deliver,(10,rpickup),(10,rputdown)).
depends(wait,(10,dpickup),(10,rputdown)).
depends(deliver,(11,dpickup),(11,dputdown)).
depends(deliver,(11,rpickup),(11,rputdown)).
depends(wait,(11,dpickup),(11,rputdown)).
depends(deliver,(12,dpickup),(12,dputdown)).
depends(deliver,(12,rpickup),(12,rputdown)).
depends(wait,(12,dpickup),(12,rputdown)).
depends(deliver,(13,dpickup),(13,dputdown)).
depends(deliver,(13,rpickup),(13,rputdown)).
depends(wait,(13,dpickup),(13,rputdown)).
depends(deliver,(14,dpickup),(14,dputdown)).
depends(deliver,(14,rpickup),(14,rputdown)).
depends(wait,(14,dpickup),(14,rputdown)).
depends(deliver,(15,dpickup),(15,dputdown)).
depends(deliver,(15,rpickup),(15,rputdown)).
depends(wait,(15,dpickup),(15,rputdown)).
depends(deliver,(16,dpickup),(16,dputdown)).
depends(deliver,(16,rpickup),(16,rputdown)).
depends(wait,(16,dpickup),(16,rputdown)).
depends(deliver,(17,dpickup),(17,dputdown)).
depends(deliver,(17,rpickup),(17,rputdown)).
depends(wait,(17,dpickup),(17,rputdown)).
depends(deliver,(18,dpickup),(18,dputdown)).
depends(deliver,(18,rpickup),(18,rputdown)).
depends(wait,(18,dpickup),(18,rputdown)).
depends(deliver,(19,dpickup),(19,dputdown)).
depends(deliver,(19,rpickup),(19,rputdown)).
depends(wait,(19,dpickup),(19,rputdown)).
depends(deliver,(20,dpickup),(20,dputdown)).
depends(deliver,(20,rpickup),(20,rputdown)).
depends(wait,(20,dpickup),(20,rputdown)).
shortest_path(99,21,476054,109).
shortest_path(99,24,486680,109).
shortest_path(99,14,133260,109).
shortest_path(99,25,485380,109).
shortest_path(99,98,22878,109).
shortest_path(99,-104007,25666,109).
shortest_path(99,-104075,32708,109).
shortest_path(99,17,470831,109).
shortest_path(99,31,481148,109).
shortest_path(99,22,489318,109).
shortest_path(99,26,484055,109).
shortest_path(99,32,482485,109).
shortest_path(99,18,472131,109).
shortest_path(99,16,477354,109).
shortest_path(99,4,181318,109).
shortest_path(99,27,482754,109).
shortest_path(99,97,32648,109).
shortest_path(99,-104137,35447,109).
shortest_path(99,3,354530,109).
shortest_path(99,28,480169,109).
shortest_path(99,8,77797,109).
shortest_path(99,12,112648,109).
shortest_path(99,2,217902,109).
shortest_path(99,5,317742,109).
shortest_path(99,30,479838,109).
shortest_path(99,92,56792,109).
shortest_path(99,1,73754,109).
shortest_path(99,15,134663,109).
shortest_path(99,96,39952,109).
shortest_path(99,9,73612,109).
shortest_path(99,23,487980,109).
shortest_path(99,7,80649,109).
shortest_path(99,20,474754,109).
shortest_path(99,33,483796,109).
shortest_path(99,19,473455,109).
shortest_path(99,29,479005,109).
shortest_path(99,-103954,18631,109).
shortest_path(99,10,70762,109).
shortest_path(99,11,66577,109).
shortest_path(99,-103956,21491,109).
shortest_path(99,95,46986,109).
shortest_path(99,6,63656,109).
shortest_path(99,13,114194,109).
shortest_path(99,-103829,15943,109).
shortest_path(99,-103828,12944,109).
shortest_path(99,-103826,17443,109).
shortest_path(99,-103819,14444,109).
shortest_path(99,-103808,448654,109).
shortest_path(99,-103807,445665,109).
shortest_path(99,-103805,450148,109).
shortest_path(99,-103798,447160,109).
shortest_path(99,-103795,277349,109).
shortest_path(99,-103794,274349,109).
shortest_path(99,-103792,278849,109).
shortest_path(99,-103785,275849,109).
shortest_path(99,-103778,147418,109).
shortest_path(99,-103777,144418,109).
shortest_path(99,-103775,148918,109).
shortest_path(99,-103768,145918,109).
shortest_path(99,-103734,50241,109).
shortest_path(99,-103705,48741,109).
shortest_path(99,-103664,47241,109).
shortest_path(99,-103657,45741,109).
shortest_path(21,99,476054,116).
shortest_path(21,24,32246,116).
shortest_path(21,14,562940,116).
shortest_path(21,25,30946,116).
shortest_path(21,98,469046,116).
shortest_path(21,-104007,485890,116).
shortest_path(21,-104075,492932,116).
shortest_path(21,17,11297,116).
shortest_path(21,31,29607,116).
shortest_path(21,22,34884,116).
shortest_path(21,26,29621,116).
shortest_path(21,32,30944,116).
shortest_path(21,18,9985,116).
shortest_path(21,16,7324,116).
shortest_path(21,4,318067,116).
shortest_path(21,27,28320,116).
shortest_path(21,97,459334,116).
shortest_path(21,-104137,495671,116).
shortest_path(21,3,126143,116).
shortest_path(21,28,25735,116).
shortest_path(21,8,414445,116).
shortest_path(21,12,542328,116).
shortest_path(21,2,354963,116).
shortest_path(21,5,191174,116).
shortest_path(21,30,28297,116).
shortest_path(21,92,435330,116).
shortest_path(21,1,503434,116).
shortest_path(21,15,564343,116).
shortest_path(21,96,452072,116).
shortest_path(21,9,418606,116).
shortest_path(21,23,33546,116).
shortest_path(21,7,411611,116).
shortest_path(21,20,7336,116).
shortest_path(21,33,32255,116).
shortest_path(21,19,8649,116).
shortest_path(21,29,27047,116).
shortest_path(21,-103954,478855,116).
shortest_path(21,10,421440,116).
shortest_path(21,11,425601,116).
shortest_path(21,-103956,481715,116).
shortest_path(21,95,445078,116).
shortest_path(21,6,428506,116).
shortest_path(21,13,543874,116).
shortest_path(21,-103829,464839,116).
shortest_path(21,-103828,467840,116).
shortest_path(21,-103826,463339,116).
shortest_path(21,-103819,466340,116).
shortest_path(21,-103808,32130,116).
shortest_path(21,-103807,35141,116).
shortest_path(21,-103805,30624,116).
shortest_path(21,-103798,33636,116).
shortest_path(21,-103795,203289,116).
shortest_path(21,-103794,206289,116).
shortest_path(21,-103792,201789,116).
shortest_path(21,-103785,204789,116).
shortest_path(21,-103778,333451,116).
shortest_path(21,-103777,336451,116).
shortest_path(21,-103775,331951,116).
shortest_path(21,-103768,334951,116).
shortest_path(21,-103734,430563,116).
shortest_path(21,-103705,432063,116).
shortest_path(21,-103664,433563,116).
shortest_path(21,-103657,435063,116).
shortest_path(24,99,486680,123).
shortest_path(24,21,32246,123).
shortest_path(24,14,573566,123).
shortest_path(24,25,7190,123).
shortest_path(24,98,479672,123).
shortest_path(24,-104007,496516,123).
shortest_path(24,-104075,503558,123).
shortest_path(24,17,27023,123).
shortest_path(24,31,16254,123).
shortest_path(24,22,8518,123).
shortest_path(24,26,8527,123).
shortest_path(24,32,17591,123).
shortest_path(24,18,28323,123).
shortest_path(24,16,33546,123).
shortest_path(24,4,328693,123).
shortest_path(24,27,9838,123).
shortest_path(24,97,469960,123).
shortest_path(24,-104137,506297,123).
shortest_path(24,3,136769,123).
shortest_path(24,28,12321,123).
shortest_path(24,8,425071,123).
shortest_path(24,12,552954,123).
shortest_path(24,2,365589,123).
