grid(46930,55000).
poss_home(234).
poss_home(204).
poss_home(175).
poss_manipulator(217).
poss_manipulator(174).
poss_manipulator(203).
poss_manipulator(261).
poss_empty_pallet(283).
poss_empty_pallet(303).
poss_empty_pallet(71).
poss_empty_pallet(64).
poss_empty_pallet(189).
poss_empty_pallet(69).
poss_empty_pallet(162).
poss_empty_pallet(210).
poss_empty_pallet(212).
poss_empty_pallet(66).
poss_empty_pallet(286).
poss_empty_pallet(72).
poss_empty_pallet(219).
poss_empty_pallet(65).
poss_empty_pallet(73).
poss_empty_pallet(222).
poss_empty_pallet(67).
poss_empty_pallet(274).
poss_empty_pallet(117).
poss_empty_pallet(75).
poss_empty_pallet(181).
poss_empty_pallet(70).
poss_empty_pallet(241).
poss_empty_pallet(348).
poss_empty_pallet(56).
poss_empty_pallet(74).
poss_empty_pallet(157).
poss_empty_pallet(243).
poss_empty_pallet(68).
poss_empty_pallet(192).
poss_storage(283).
poss_storage(303).
poss_storage(71).
poss_storage(64).
poss_storage(189).
poss_storage(69).
poss_storage(162).
poss_storage(210).
poss_storage(212).
poss_storage(66).
poss_storage(286).
poss_storage(72).
poss_storage(219).
poss_storage(65).
poss_storage(73).
poss_storage(222).
poss_storage(67).
poss_storage(274).
poss_storage(117).
poss_storage(75).
poss_storage(181).
poss_storage(70).
poss_storage(241).
poss_storage(348).
poss_storage(56).
poss_storage(74).
poss_storage(157).
poss_storage(243).
poss_storage(68).
poss_storage(192).
node(1,34594,41630).
node(2,34428,41474).
node(3,34318,41267).
node(4,34267,41037).
node(5,34197,40741).
node(6,34105,40451).
node(7,33934,40178).
node(8,33778,39974).
node(9,33585,39797).
node(10,33338,39652).
node(11,33010,39539).
node(12,32656,39474).
node(13,32014,39442).
node(14,34500,38441).
node(15,34328,38541).
node(16,34223,38716).
node(17,34150,38943).
node(18,34085,39192).
node(19,34010,39523).
node(20,33907,39770).
node(21,33758,39980).
node(22,33572,40163).
node(23,33330,40317).
node(24,33007,40441).
node(25,32655,40518).
node(26,32015,40573).
node(28,29748,31828).
node(29,29107,8982).
node(30,29655,8590).
node(31,29993,8203).
node(32,29403,8821).
node(35,29554,14816).
node(36,26221,13018).
node(37,26304,12570).
node(38,26355,12045).
node(39,26368,10797).
node(40,26688,12736).
node(41,26950,12435).
node(42,27168,12128).
node(43,27334,11763).
node(44,27443,11264).
node(45,27501,10720).
node(46,27539,10189).
node(47,29784,9374).
node(48,30020,8525).
node(49,30739,7065).
node(50,27552,9773).
node(51,29627,10246).
node(52,30358,7709).
node(53,31210,6535).
node(54,31874,6219).
node(55,32538,6134).
node(56,34674,6093).
node(57,28745,9020).
node(58,27544,9021).
node(59,26341,9022).
node(60,28792,10561).
node(61,27545,9400).
node(62,26360,9540).
node(63,25200,9601).
node(64,27542,6928).
node(65,27542,5578).
node(66,26339,6929).
node(67,26338,5578).
node(68,28745,6927).
node(69,28745,5577).
node(70,25139,6929).
node(71,25138,5579).
node(72,28744,4232).
node(73,25137,4234).
node(74,26338,4233).
node(75,27541,4232).
node(76,25140,9023).
node(77,28352,12442).
node(78,27968,11699).
node(79,27738,10970).
node(80,27622,10394).
node(81,29235,12992).
node(82,29030,12288).
node(83,28864,11366).
node(84,28045,12416).
node(85,27507,11802).
node(86,26970,11123).
node(87,26432,10048).
node(88,27302,11904).
node(89,26534,11290).
node(90,25907,10739).
node(91,25466,10163).
node(92,26688,10726).
node(93,28749,9830).
node(94,10875,15013).
node(95,10605,16166).
node(96,10977,17285).
node(97,11161,14123).
node(98,11131,14456).
node(99,11070,14735).
node(100,10941,14996).
node(101,10749,15250).
node(102,11103,14824).
node(103,11473,14680).
node(104,11888,14607).
node(109,10624,15587).
node(110,10586,15914).
node(111,10646,16414).
node(112,10729,16677).
node(113,10842,16977).
node(114,11225,18412).
node(115,11285,19216).
node(116,11105,17728).
node(117,8099,22779).
node(118,11369,35037).
node(119,10323,22798).
node(120,11241,22805).
node(121,30186,34954).
node(122,26745,12890).
node(123,28533,12928).
node(124,23930,14482).
node(125,24642,14430).
node(126,25193,14283).
node(127,25861,13728).
node(128,26057,13424).
node(129,29257,13604).
node(130,29474,14175).
node(131,29619,16751).
node(132,28973,13234).
node(133,29597,15596).
node(134,27337,12764).
node(135,26360,13078).
node(136,27971,12781).
node(137,25532,14081).
node(141,29470,12958).
node(142,11196,11607).
node(143,31058,34475).
node(144,30717,34200).
node(145,31420,34636).
node(146,29933,32832).
node(147,29590,11111).
node(148,29554,11873).
node(149,29506,12473).
node(150,29394,13403).
node(151,29270,13704).
node(152,29056,13937).
node(153,27804,14330).
node(154,26881,14447).
node(155,28651,14142).
node(156,25394,14487).
node(157,31080,37922).
node(158,34142,38560).
node(159,35166,43700).
node(160,31732,40655).
node(162,29577,36573).
node(163,33733,41181).
node(164,34320,43295).
node(166,32585,43698).
node(168,32118,39517).
node(169,34944,39441).
node(171,31738,39399).
node(172,35194,42175).
node(174,37649,41729).
node(175,33879,32164).
node(177,34063,40381).
node(178,33031,43290).
node(179,34070,39657).
node(180,33955,41341).
node(181,28374,36573).
node(182,34534,41650).
node(183,26878,40623).
node(184,36455,43701).
node(185,33878,41729).
node(186,35303,42697).
node(188,33932,38696).
node(189,31083,43476).
node(190,34947,38335).
node(192,29581,43477).
node(193,33466,41032).
node(194,34131,43005).
node(196,32585,41729).
node(198,31690,39453).
node(199,34294,39569).
node(201,35236,42455).
node(203,37650,38317).
node(204,35167,32164).
node(206,33647,40170).
node(207,32841,43000).
node(208,33654,39869).
node(209,33926,42450).
node(210,28378,43477).
node(211,34947,40602).
node(212,26876,37925).
node(213,34949,41710).
node(215,33879,38317).
node(216,35441,43011).
node(217,37649,40623).
node(218,33726,38862).
node(219,31082,42125).
node(220,34758,38357).
node(222,29580,42126).
node(223,33206,40931).
node(224,33993,42692).
node(226,28376,40622).
node(227,32067,40534).
node(228,33878,43699).
node(230,38488,43702).
node(233,35168,41729).
node(234,32586,32164).
node(236,33250,39914).
node(237,32704,42687).
node(239,33258,40125).
node(240,33893,42171).
node(241,28377,42127).
node(242,34759,40581).
node(243,26875,36574).
node(244,34761,41689).
node(246,33878,40623).
node(247,35630,43300).
node(248,35166,40623).
node(249,33516,39005).
node(250,31081,40623).
node(251,34531,38395).
node(253,29579,40622).
node(254,32739,40809).
node(256,28375,39427).
node(257,31792,40566).
node(258,34862,43629).
node(260,32585,39424).
node(261,37650,39424).
node(262,33879,34759).
node(264,35167,38317).
node(265,32585,38317).
node(267,32726,39652).
node(268,32637,42445).
node(270,32733,40387).
node(271,33572,43624).
node(272,34760,39464).
node(273,34531,40542).
node(274,26879,42128).
node(275,34188,41490).
node(277,26877,39428).
node(278,35870,43505).
node(279,35167,39423).
node(280,33206,39150).
node(281,31080,39425).
node(282,34350,38460).
node(283,29578,37923).
node(284,32234,40720).
node(286,28375,37924).
node(287,34560,43499).
node(289,32585,40623).
node(291,35167,34759).
node(293,32237,39347).
node(294,32586,34759).
node(296,32361,39562).
node(297,32604,42166).
node(299,32368,40477).
node(300,33271,43494).
node(301,34534,39511).
node(302,34351,40478).
node(303,26879,43478).
node(304,34353,41586).
node(306,29578,39426).
node(307,36172,43635).
node(308,33879,39424).
node(309,32764,39255).
node(335,32179,34746).
node(336,31790,34716).
node(337,30356,33797).
node(338,30108,33315).
node(339,29821,32336).
node(340,29717,31293).
node(341,29613,14500).
node(342,12732,14527).
node(343,12340,14552).
node(344,11181,13787).
node(345,10449,11600).
node(348,8220,11581).
edge(1,2,228).
edge(2,1,228).
edge(1,244,177).
edge(244,1,177).
edge(2,3,234).
edge(3,2,234).
edge(3,4,236).
edge(4,3,236).
edge(4,5,303).
edge(5,4,303).
edge(5,6,304).
edge(6,5,304).
edge(6,7,323).
edge(7,6,323).
edge(7,8,257).
edge(8,7,257).
edge(8,9,262).
edge(9,8,262).
edge(9,10,286).
edge(10,9,286).
edge(10,11,346).
edge(11,10,346).
edge(11,12,360).
edge(12,11,360).
edge(12,13,642).
edge(13,12,642).
edge(13,281,935).
edge(281,13,935).
edge(14,15,199).
edge(15,14,199).
edge(14,220,272).
edge(220,14,272).
edge(15,16,204).
edge(16,15,204).
edge(16,17,238).
edge(17,16,238).
edge(17,18,257).
edge(18,17,257).
edge(18,19,339).
edge(19,18,339).
edge(19,20,268).
edge(20,19,268).
edge(20,21,257).
edge(21,20,257).
edge(21,22,262).
edge(22,21,262).
edge(22,23,286).
edge(23,22,286).
edge(23,24,346).
edge(24,23,346).
edge(24,25,360).
edge(25,24,360).
edge(25,26,642).
edge(26,25,642).
edge(26,250,935).
edge(250,26,935).
edge(28,340,536).
edge(340,28,536).
edge(28,339,513).
edge(339,28,513).
edge(29,32,336).
edge(32,29,336).
edge(29,57,364).
edge(57,29,364).
edge(30,31,514).
edge(31,30,514).
edge(30,32,342).
edge(32,30,342).
edge(31,52,614).
edge(52,31,614).
edge(35,130,646).
edge(130,35,646).
edge(35,133,781).
edge(133,35,781).
edge(36,37,456).
edge(37,36,456).
edge(36,128,438).
edge(128,36,438).
edge(37,38,527).
edge(38,37,527).
edge(38,39,1248).
edge(39,38,1248).
edge(39,62,1257).
edge(62,39,1257).
edge(40,41,399).
edge(41,40,399).
edge(40,135,474).
edge(135,40,474).
edge(41,42,376).
edge(42,41,376).
edge(42,43,401).
edge(43,42,401).
edge(43,44,511).
edge(44,43,511).
edge(44,45,547).
edge(45,44,547).
edge(45,46,533).
edge(46,45,533).
edge(46,61,789).
edge(61,46,789).
edge(47,48,880).
edge(48,47,880).
edge(47,51,886).
edge(51,47,886).
edge(48,52,884).
edge(52,48,884).
edge(49,53,709).
edge(53,49,709).
edge(49,52,748).
edge(52,49,748).
edge(50,61,373).
edge(61,50,373).
edge(50,80,625).
edge(80,50,625).
edge(51,147,866).
edge(147,51,866).
edge(53,54,735).
edge(54,53,735).
edge(54,55,669).
edge(55,54,669).
edge(55,56,2137).
edge(56,55,2137).
edge(57,58,1202).
edge(58,57,1202).
edge(57,68,2093).
edge(68,57,2093).
edge(57,93,810).
edge(93,57,810).
edge(58,64,2093).
edge(64,58,2093).
edge(58,59,1203).
edge(59,58,1203).
edge(58,61,379).
edge(61,58,379).
edge(59,66,2093).
edge(66,59,2093).
edge(59,76,1200).
edge(76,59,1200).
edge(59,62,518).
edge(62,59,518).
edge(60,93,731).
edge(93,60,731).
edge(60,83,809).
edge(83,60,809).
edge(62,87,513).
edge(87,62,513).
edge(63,76,581).
edge(76,63,581).
edge(63,91,622).
edge(91,63,622).
edge(64,65,1350).
edge(65,64,1350).
edge(65,75,1345).
edge(75,65,1345).
edge(66,67,1350).
edge(67,66,1350).
edge(67,74,1345).
edge(74,67,1345).
edge(68,69,1350).
edge(69,68,1350).
edge(69,72,1345).
edge(72,69,1345).
edge(70,71,1350).
edge(71,70,1350).
edge(70,76,2094).
edge(76,70,2094).
edge(71,73,1345).
edge(73,71,1345).
edge(77,78,836).
edge(78,77,836).
edge(77,132,1007).
edge(132,77,1007).
edge(78,79,765).
edge(79,78,765).
edge(79,80,587).
edge(80,79,587).
edge(81,82,733).
edge(82,81,733).
edge(81,130,1207).
edge(130,81,1207).
edge(82,83,937).
edge(83,82,937).
edge(84,85,816).
edge(85,84,816).
edge(84,88,902).
edge(88,84,902).
edge(84,132,1237).
edge(132,84,1237).
edge(85,86,866).
edge(86,85,866).
edge(86,92,487).
edge(92,86,487).
edge(87,92,725).
edge(92,87,725).
edge(88,89,984).
edge(89,88,984).
edge(89,90,834).
edge(90,89,834).
edge(90,91,726).
edge(91,90,726).
edge(94,101,269).
edge(101,94,269).
edge(94,102,295).
edge(102,94,295).
edge(95,111,251).
edge(111,95,251).
edge(95,110,252).
edge(110,95,252).
edge(96,116,461).
edge(116,96,461).
edge(96,113,337).
edge(113,96,337).
edge(97,98,334).
edge(98,97,334).
edge(97,344,337).
edge(344,97,337).
edge(98,99,286).
edge(99,98,286).
edge(99,100,292).
edge(100,99,292).
edge(100,101,318).
edge(101,100,318).
edge(101,109,360).
edge(109,101,360).
edge(102,103,398).
edge(103,102,398).
edge(103,104,421).
edge(104,103,421).
edge(104,343,455).
edge(343,104,455).
edge(109,110,329).
edge(110,109,329).
edge(111,112,276).
edge(112,111,276).
edge(112,113,321).
edge(113,112,321).
edge(114,115,806).
edge(115,114,806).
edge(114,116,694).
edge(116,114,694).
edge(115,120,3589).
edge(120,115,3589).
edge(117,119,2224).
edge(119,117,2224).
edge(118,121,18816).
edge(121,118,18816).
edge(118,120,12232).
edge(120,118,12232).
edge(119,120,918).
edge(120,119,918).
edge(121,294,2408).
edge(294,121,2408).
edge(122,134,606).
edge(134,122,606).
edge(122,135,429).
edge(135,122,429).
edge(123,132,536).
edge(132,123,536).
edge(123,136,581).
edge(136,123,581).
edge(124,125,713).
edge(125,124,713).
edge(124,342,11198).
edge(342,124,11198).
edge(124,156,1464).
edge(156,124,1464).
edge(125,126,570).
edge(126,125,570).
edge(126,137,395).
edge(137,126,395).
edge(127,128,361).
edge(128,127,361).
edge(127,137,483).
edge(137,127,483).
edge(128,135,460).
edge(135,128,460).
edge(129,132,467).
edge(132,129,467).
edge(129,130,610).
edge(130,129,610).
edge(131,133,1155).
edge(133,131,1155).
edge(131,341,2251).
edge(341,131,2251).
edge(131,340,14543).
edge(340,131,14543).
edge(134,136,634).
edge(136,134,634).
edge(141,150,452).
edge(150,141,452).
edge(141,149,486).
edge(149,141,486).
edge(142,344,2180).
edge(344,142,2180).
edge(142,345,747).
edge(345,142,747).
edge(143,144,438).
edge(144,143,438).
edge(143,145,396).
edge(145,143,396).
edge(144,337,541).
edge(337,144,541).
edge(145,336,378).
edge(336,145,378).
edge(146,339,509).
edge(339,146,509).
edge(146,338,514).
edge(338,146,514).
edge(147,148,762).
edge(148,147,762).
edge(147,341,3389).
edge(341,147,3389).
edge(148,149,603).
edge(149,148,603).
edge(150,151,326).
edge(151,150,326).
edge(151,152,316).
edge(152,151,316).
edge(152,155,454).
edge(155,152,454).
edge(153,154,931).
edge(154,153,931).
edge(153,155,867).
edge(155,153,867).
edge(154,156,1488).
edge(156,154,1488).
edge(156,341,4219).
edge(341,156,4219).
edge(157,281,1503).
edge(281,157,1503).
edge(158,188,250).
edge(188,158,250).
edge(158,282,231).
edge(282,158,231).
edge(159,258,313).
edge(258,159,313).
edge(159,228,1288).
edge(228,159,1288).
edge(159,233,1970).
edge(233,159,1970).
edge(159,184,1289).
edge(184,159,1289).
edge(160,250,651).
edge(250,160,651).
edge(160,284,506).
edge(284,160,506).
edge(162,283,1350).
edge(283,162,1350).
edge(163,193,306).
edge(193,163,306).
edge(163,180,274).
edge(180,163,274).
edge(164,194,346).
edge(194,164,346).
edge(164,287,315).
edge(287,164,315).
edge(166,196,1968).
edge(196,166,1968).
edge(166,228,1293).
edge(228,166,1293).
edge(168,198,434).
edge(198,168,434).
edge(168,296,247).
edge(296,168,247).
edge(169,272,186).
edge(272,169,186).
edge(169,279,224).
edge(279,169,224).
edge(171,281,659).
edge(281,171,659).
edge(171,293,502).
edge(293,171,502).
edge(172,233,447).
edge(233,172,447).
edge(172,201,283).
edge(201,172,283).
edge(174,233,2482).
edge(233,174,2482).
edge(175,262,2595).
edge(262,175,2595).
edge(177,206,467).
edge(206,177,467).
edge(177,302,303).
edge(302,177,303).
edge(178,207,346).
edge(207,178,346).
edge(178,300,315).
edge(300,178,315).
edge(179,208,467).
edge(208,179,467).
edge(179,199,241).
edge(199,179,241).
edge(180,275,276).
edge(275,180,276).
edge(181,286,1350).
edge(286,181,1350).
edge(182,304,192).
edge(304,182,192).
edge(182,244,231).
edge(244,182,231).
edge(183,277,1195).
edge(277,183,1195).
edge(183,274,1504).
edge(274,183,1504).
edge(183,226,1498).
edge(226,183,1498).
edge(184,307,291).
edge(307,184,291).
edge(184,230,2033).
edge(230,184,2033).
edge(185,246,1106).
edge(246,185,1106).
edge(185,233,1290).
edge(233,185,1290).
edge(185,196,1293).
edge(196,185,1293).
edge(185,228,1969).
edge(228,185,1969).
edge(185,240,442).
edge(240,185,442).
edge(186,201,251).
edge(201,186,251).
edge(186,216,342).
edge(216,186,342).
edge(188,218,265).
edge(218,188,265).
edge(189,219,1350).
edge(219,189,1350).
edge(190,220,190).
edge(220,190,190).
edge(190,264,221).
edge(264,190,221).
edge(192,222,1350).
edge(222,192,1350).
edge(193,223,278).
edge(223,193,278).
edge(194,224,342).
edge(224,194,342).
edge(196,289,1106).
edge(289,196,1106).
edge(196,297,437).
edge(297,196,437).
edge(198,281,610).
edge(281,198,610).
edge(199,301,247).
edge(301,199,247).
edge(203,264,2483).
edge(264,203,2483).
edge(204,291,2595).
edge(291,204,2595).
edge(206,236,472).
edge(236,206,472).
edge(207,237,342).
edge(237,207,342).
edge(208,239,472).
edge(239,208,472).
edge(209,240,280).
edge(240,209,280).
edge(209,224,251).
edge(224,209,251).
edge(210,241,1350).
edge(241,210,1350).
edge(211,242,190).
edge(242,211,190).
edge(211,248,220).
edge(248,211,220).
edge(212,243,1350).
edge(243,212,1350).
edge(212,277,1503).
edge(277,212,1503).
edge(213,244,190).
edge(244,213,190).
edge(213,233,220).
edge(233,213,220).
edge(215,262,3558).
edge(262,215,3558).
edge(215,264,1288).
edge(264,215,1288).
edge(215,265,1293).
edge(265,215,1293).
edge(215,308,1107).
edge(308,215,1107).
edge(216,247,346).
edge(247,216,346).
edge(217,248,2483).
edge(248,217,2483).
edge(218,249,253).
edge(249,218,253).
edge(219,250,1503).
edge(250,219,1503).
edge(220,251,231).
edge(251,220,231).
edge(222,253,1504).
edge(253,222,1504).
edge(223,254,483).
edge(254,223,483).
edge(226,241,1504).
edge(241,226,1504).
edge(226,256,1195).
edge(256,226,1195).
edge(226,253,1203).
edge(253,226,1203).
edge(227,257,277).
edge(257,227,277).
edge(227,299,306).
edge(299,227,306).
edge(228,271,315).
edge(271,228,315).
edge(233,248,1106).
edge(248,233,1106).
edge(234,294,2595).
edge(294,234,2595).
edge(236,267,587).
edge(267,236,587).
edge(237,268,251).
edge(268,237,251).
edge(239,270,587).
edge(270,239,587).
edge(242,273,231).
edge(273,242,231).
edge(246,308,1200).
edge(308,246,1200).
edge(246,289,1293).
edge(289,246,1293).
edge(246,248,1288).
edge(248,246,1288).
edge(247,278,315).
edge(278,247,315).
edge(248,279,1200).
edge(279,248,1200).
edge(249,280,343).
edge(280,249,343).
edge(250,281,1197).
edge(281,250,1197).
edge(250,253,1502).
edge(253,250,1502).
edge(250,257,713).
edge(257,250,713).
edge(250,289,1504).
edge(289,250,1504).
edge(251,282,192).
edge(282,251,192).
edge(253,306,1195).
edge(306,253,1195).
edge(254,284,513).
edge(284,254,513).
edge(256,286,1503).
edge(286,256,1503).
edge(256,277,1498).
edge(277,256,1498).
edge(256,306,1202).
edge(306,256,1202).
edge(258,287,329).
edge(287,258,329).
edge(260,281,1506).
edge(281,260,1506).
edge(260,265,1107).
edge(265,260,1107).
edge(260,289,1198).
edge(289,260,1198).
edge(260,308,1293).
edge(308,260,1293).
edge(261,279,2483).
edge(279,261,2483).
edge(262,291,1288).
edge(291,262,1288).
edge(262,294,1293).
edge(294,262,1293).
edge(264,291,3557).
edge(291,264,3557).
edge(264,279,1107).
edge(279,264,1107).
edge(265,294,3558).
edge(294,265,3558).
edge(267,296,376).
edge(296,267,376).
edge(268,297,280).
edge(297,268,280).
edge(270,299,376).
edge(299,270,376).
edge(271,300,329).
edge(300,271,329).
edge(272,301,230).
edge(301,272,230).
edge(273,302,192).
edge(302,273,192).
edge(274,303,1350).
edge(303,274,1350).
edge(275,304,191).
edge(304,275,191).
edge(278,307,329).
edge(307,278,329).
edge(279,308,1288).
edge(308,279,1288).
edge(280,309,454).
edge(309,280,454).
edge(281,306,1502).
edge(306,281,1502).
edge(283,306,1503).
edge(306,283,1503).
edge(293,309,534).
edge(309,293,534).
edge(294,335,406).
edge(335,294,406).
edge(335,336,391).
edge(336,335,391).
edge(337,338,542).
edge(338,337,542).
edge(342,343,393).
edge(343,342,393).
edge(345,348,2229).
edge(348,345,2229).
conflict(1,1).
conflict(2,2).
conflict(3,3).
conflict(4,4).
conflict(5,5).
conflict(6,6).
conflict(7,7).
conflict(8,8).
conflict(9,9).
conflict(10,10).
conflict(11,11).
conflict(12,12).
conflict(13,13).
conflict(14,14).
conflict(15,15).
conflict(16,16).
conflict(17,17).
conflict(18,18).
conflict(19,19).
conflict(20,20).
conflict(21,21).
conflict(22,22).
conflict(23,23).
conflict(24,24).
conflict(25,25).
conflict(26,26).
conflict(28,28).
conflict(29,29).
conflict(30,30).
conflict(31,31).
conflict(32,32).
conflict(35,35).
conflict(36,36).
conflict(37,37).
conflict(38,38).
conflict(39,39).
conflict(40,40).
conflict(41,41).
conflict(42,42).
conflict(43,43).
conflict(44,44).
conflict(45,45).
conflict(46,46).
conflict(47,47).
conflict(48,48).
conflict(49,49).
conflict(50,50).
conflict(51,51).
conflict(52,52).
conflict(53,53).
conflict(54,54).
conflict(55,55).
conflict(56,56).
conflict(57,57).
conflict(58,58).
conflict(59,59).
conflict(60,60).
conflict(61,61).
conflict(62,62).
conflict(63,63).
conflict(64,64).
conflict(65,65).
conflict(66,66).
conflict(67,67).
conflict(68,68).
conflict(69,69).
conflict(70,70).
conflict(71,71).
conflict(72,72).
conflict(73,73).
conflict(74,74).
conflict(75,75).
conflict(76,76).
conflict(77,77).
conflict(78,78).
conflict(79,79).
conflict(80,80).
conflict(81,81).
conflict(82,82).
conflict(83,83).
conflict(84,84).
conflict(85,85).
conflict(86,86).
conflict(87,87).
conflict(88,88).
conflict(89,89).
conflict(90,90).
conflict(91,91).
conflict(92,92).
conflict(93,93).
conflict(94,94).
conflict(95,95).
conflict(96,96).
conflict(97,97).
conflict(98,98).
conflict(99,99).
conflict(100,100).
conflict(101,101).
conflict(102,102).
conflict(103,103).
conflict(104,104).
conflict(109,109).
conflict(110,110).
conflict(111,111).
conflict(112,112).
conflict(113,113).
conflict(114,114).
conflict(115,115).
conflict(116,116).
conflict(117,117).
conflict(118,118).
conflict(119,119).
conflict(120,120).
conflict(121,121).
conflict(122,122).
conflict(123,123).
conflict(124,124).
conflict(125,125).
conflict(126,126).
conflict(127,127).
conflict(128,128).
conflict(129,129).
conflict(130,130).
conflict(131,131).
conflict(132,132).
conflict(133,133).
conflict(134,134).
conflict(135,135).
conflict(136,136).
conflict(137,137).
conflict(141,141).
conflict(142,142).
conflict(143,143).
conflict(144,144).
conflict(145,145).
conflict(146,146).
conflict(147,147).
conflict(148,148).
conflict(149,149).
conflict(150,150).
conflict(151,151).
conflict(152,152).
conflict(153,153).
conflict(154,154).
conflict(155,155).
conflict(156,156).
conflict(157,157).
conflict(158,158).
conflict(159,159).
conflict(160,160).
conflict(162,162).
conflict(163,163).
conflict(164,164).
conflict(166,166).
conflict(168,168).
conflict(169,169).
conflict(171,171).
conflict(172,172).
conflict(174,174).
conflict(175,175).
conflict(177,177).
conflict(178,178).
conflict(179,179).
conflict(180,180).
conflict(181,181).
conflict(182,182).
conflict(183,183).
conflict(184,184).
conflict(185,185).
conflict(186,186).
conflict(188,188).
conflict(189,189).
conflict(190,190).
conflict(192,192).
conflict(193,193).
conflict(194,194).
conflict(196,196).
conflict(198,198).
conflict(199,199).
conflict(201,201).
conflict(203,203).
conflict(204,204).
conflict(206,206).
conflict(207,207).
conflict(208,208).
conflict(209,209).
conflict(210,210).
conflict(211,211).
conflict(212,212).
conflict(213,213).
conflict(215,215).
conflict(216,216).
conflict(217,217).
conflict(218,218).
conflict(219,219).
conflict(220,220).
conflict(222,222).
conflict(223,223).
conflict(224,224).
conflict(226,226).
conflict(227,227).
conflict(228,228).
conflict(230,230).
conflict(233,233).
conflict(234,234).
conflict(236,236).
conflict(237,237).
conflict(239,239).
conflict(240,240).
conflict(241,241).
conflict(242,242).
conflict(243,243).
conflict(244,244).
conflict(246,246).
conflict(247,247).
conflict(248,248).
conflict(249,249).
conflict(250,250).
conflict(251,251).
conflict(253,253).
conflict(254,254).
conflict(256,256).
conflict(257,257).
conflict(258,258).
conflict(260,260).
conflict(261,261).
conflict(262,262).
conflict(264,264).
conflict(265,265).
conflict(267,267).
conflict(268,268).
conflict(270,270).
conflict(271,271).
conflict(272,272).
conflict(273,273).
conflict(274,274).
conflict(275,275).
conflict(277,277).
conflict(278,278).
conflict(279,279).
conflict(280,280).
conflict(281,281).
conflict(282,282).
conflict(283,283).
conflict(284,284).
conflict(286,286).
conflict(287,287).
conflict(289,289).
conflict(291,291).
conflict(293,293).
conflict(294,294).
conflict(296,296).
conflict(297,297).
conflict(299,299).
conflict(300,300).
conflict(301,301).
conflict(302,302).
conflict(303,303).
conflict(304,304).
conflict(306,306).
conflict(307,307).
conflict(308,308).
conflict(309,309).
conflict(335,335).
conflict(336,336).
conflict(337,337).
conflict(338,338).
conflict(339,339).
conflict(340,340).
conflict(341,341).
conflict(342,342).
conflict(343,343).
conflict(344,344).
conflict(345,345).
conflict(348,348).
