grid(27743,26114).
poss_home(415).
poss_home(387).
poss_manipulator(437).
poss_manipulator(285).
poss_manipulator(348).
poss_manipulator(354).
poss_manipulator(320).
poss_manipulator(353).
poss_manipulator(313).
poss_manipulator(506).
poss_manipulator(296).
poss_manipulator(329).
poss_manipulator(497).
poss_manipulator(319).
poss_manipulator(282).
poss_manipulator(280).
poss_manipulator(347).
poss_manipulator(278).
poss_manipulator(293).
poss_manipulator(332).
poss_manipulator(299).
poss_manipulator(330).
poss_manipulator(338).
poss_manipulator(311).
poss_manipulator(291).
poss_manipulator(325).
poss_manipulator(499).
poss_manipulator(438).
poss_manipulator(312).
poss_manipulator(322).
poss_manipulator(436).
poss_manipulator(390).
poss_manipulator(300).
poss_manipulator(326).
poss_manipulator(440).
poss_manipulator(504).
poss_manipulator(315).
poss_manipulator(292).
poss_manipulator(306).
poss_manipulator(294).
poss_manipulator(287).
poss_manipulator(391).
poss_manipulator(273).
poss_manipulator(435).
poss_manipulator(501).
poss_manipulator(331).
poss_manipulator(339).
poss_manipulator(344).
poss_manipulator(316).
poss_manipulator(318).
poss_manipulator(314).
poss_manipulator(321).
poss_manipulator(284).
poss_manipulator(290).
poss_manipulator(302).
poss_manipulator(356).
poss_manipulator(327).
poss_manipulator(345).
poss_manipulator(317).
poss_manipulator(395).
poss_manipulator(301).
poss_manipulator(442).
poss_manipulator(283).
poss_manipulator(289).
poss_manipulator(439).
poss_manipulator(323).
poss_manipulator(304).
poss_manipulator(500).
poss_manipulator(281).
poss_manipulator(352).
poss_manipulator(351).
poss_manipulator(394).
poss_manipulator(310).
poss_manipulator(288).
poss_manipulator(346).
poss_manipulator(360).
poss_manipulator(337).
poss_manipulator(343).
poss_manipulator(389).
poss_manipulator(388).
poss_manipulator(428).
poss_manipulator(431).
poss_manipulator(297).
poss_manipulator(309).
poss_manipulator(295).
poss_manipulator(443).
poss_manipulator(307).
poss_manipulator(324).
poss_manipulator(441).
poss_manipulator(305).
poss_manipulator(286).
poss_manipulator(361).
poss_manipulator(328).
poss_manipulator(308).
poss_manipulator(444).
poss_manipulator(303).
poss_manipulator(445).
poss_manipulator(342).
poss_manipulator(298).
poss_manipulator(279).
poss_manipulator(333).
poss_manipulator(355).
poss_empty_pallet(437).
poss_empty_pallet(285).
poss_empty_pallet(348).
poss_empty_pallet(354).
poss_empty_pallet(320).
poss_empty_pallet(353).
poss_empty_pallet(313).
poss_empty_pallet(506).
poss_empty_pallet(296).
poss_empty_pallet(329).
poss_empty_pallet(497).
poss_empty_pallet(319).
poss_empty_pallet(282).
poss_empty_pallet(280).
poss_empty_pallet(347).
poss_empty_pallet(278).
poss_empty_pallet(293).
poss_empty_pallet(332).
poss_empty_pallet(299).
poss_empty_pallet(330).
poss_empty_pallet(338).
poss_empty_pallet(311).
poss_empty_pallet(291).
poss_empty_pallet(325).
poss_empty_pallet(499).
poss_empty_pallet(438).
poss_empty_pallet(312).
poss_empty_pallet(322).
poss_empty_pallet(436).
poss_empty_pallet(390).
poss_empty_pallet(300).
poss_empty_pallet(326).
poss_empty_pallet(440).
poss_empty_pallet(504).
poss_empty_pallet(315).
poss_empty_pallet(292).
poss_empty_pallet(306).
poss_empty_pallet(294).
poss_empty_pallet(287).
poss_empty_pallet(391).
poss_empty_pallet(273).
poss_empty_pallet(435).
poss_empty_pallet(501).
poss_empty_pallet(331).
poss_empty_pallet(339).
poss_empty_pallet(344).
poss_empty_pallet(316).
poss_empty_pallet(318).
poss_empty_pallet(314).
poss_empty_pallet(321).
poss_empty_pallet(284).
poss_empty_pallet(290).
poss_empty_pallet(302).
poss_empty_pallet(356).
poss_empty_pallet(327).
poss_empty_pallet(345).
poss_empty_pallet(317).
poss_empty_pallet(395).
poss_empty_pallet(301).
poss_empty_pallet(442).
poss_empty_pallet(283).
poss_empty_pallet(289).
poss_empty_pallet(439).
poss_empty_pallet(323).
poss_empty_pallet(304).
poss_empty_pallet(500).
poss_empty_pallet(281).
poss_empty_pallet(352).
poss_empty_pallet(351).
poss_empty_pallet(394).
poss_empty_pallet(310).
poss_empty_pallet(288).
poss_empty_pallet(346).
poss_empty_pallet(360).
poss_empty_pallet(337).
poss_empty_pallet(343).
poss_empty_pallet(389).
poss_empty_pallet(388).
poss_empty_pallet(428).
poss_empty_pallet(431).
poss_empty_pallet(297).
poss_empty_pallet(309).
poss_empty_pallet(295).
poss_empty_pallet(443).
poss_empty_pallet(307).
poss_empty_pallet(324).
poss_empty_pallet(441).
poss_empty_pallet(305).
poss_empty_pallet(286).
poss_empty_pallet(361).
poss_empty_pallet(328).
poss_empty_pallet(308).
poss_empty_pallet(444).
poss_empty_pallet(303).
poss_empty_pallet(445).
poss_empty_pallet(342).
poss_empty_pallet(298).
poss_empty_pallet(279).
poss_empty_pallet(333).
poss_empty_pallet(355).
poss_storage(437).
poss_storage(285).
poss_storage(348).
poss_storage(354).
poss_storage(320).
poss_storage(353).
poss_storage(313).
poss_storage(506).
poss_storage(296).
poss_storage(329).
poss_storage(497).
poss_storage(319).
poss_storage(282).
poss_storage(280).
poss_storage(347).
poss_storage(278).
poss_storage(293).
poss_storage(332).
poss_storage(299).
poss_storage(330).
poss_storage(338).
poss_storage(311).
poss_storage(291).
poss_storage(325).
poss_storage(499).
poss_storage(438).
poss_storage(312).
poss_storage(322).
poss_storage(436).
poss_storage(390).
poss_storage(300).
poss_storage(326).
poss_storage(440).
poss_storage(504).
poss_storage(315).
poss_storage(292).
poss_storage(306).
poss_storage(294).
poss_storage(287).
poss_storage(391).
poss_storage(273).
poss_storage(435).
poss_storage(501).
poss_storage(331).
poss_storage(339).
poss_storage(344).
poss_storage(316).
poss_storage(318).
poss_storage(314).
poss_storage(321).
poss_storage(284).
poss_storage(290).
poss_storage(302).
poss_storage(356).
poss_storage(327).
poss_storage(345).
poss_storage(317).
poss_storage(395).
poss_storage(301).
poss_storage(442).
poss_storage(283).
poss_storage(289).
poss_storage(439).
poss_storage(323).
poss_storage(304).
poss_storage(500).
poss_storage(281).
poss_storage(352).
poss_storage(351).
poss_storage(394).
poss_storage(310).
poss_storage(288).
poss_storage(346).
poss_storage(360).
poss_storage(337).
poss_storage(343).
poss_storage(389).
poss_storage(388).
poss_storage(428).
poss_storage(431).
poss_storage(297).
poss_storage(309).
poss_storage(295).
poss_storage(443).
poss_storage(307).
poss_storage(324).
poss_storage(441).
poss_storage(305).
poss_storage(286).
poss_storage(361).
poss_storage(328).
poss_storage(308).
poss_storage(444).
poss_storage(303).
poss_storage(445).
poss_storage(342).
poss_storage(298).
poss_storage(279).
poss_storage(333).
poss_storage(355).
node(1,3266,6070).
node(6,3979,5567).
node(7,12042,17657).
node(8,9199,18650).
node(9,9426,18622).
node(10,9695,18577).
node(11,9941,18508).
node(12,10274,18309).
node(13,10416,18087).
node(14,10450,17936).
node(15,10472,17657).
node(16,10119,18429).
node(17,10358,18208).
node(18,9202,18681).
node(19,9428,18711).
node(20,9697,18759).
node(21,9942,18831).
node(22,10119,18912).
node(23,10273,19034).
node(24,10355,19136).
node(25,10412,19257).
node(26,10445,19409).
node(27,10472,19688).
node(28,10768,18688).
node(29,10994,18718).
node(30,11264,18766).
node(31,11508,18837).
node(32,11685,18919).
node(33,11840,19040).
node(34,11922,19142).
node(35,11979,19264).
node(36,12012,19415).
node(37,12042,19694).
node(38,10766,18656).
node(39,10992,18629).
node(40,11262,18584).
node(41,11507,18515).
node(42,11685,18436).
node(43,11841,18316).
node(44,11925,18214).
node(45,11983,18093).
node(46,12017,17942).
node(47,12342,18681).
node(48,12568,18711).
node(49,12837,18759).
node(50,13082,18831).
node(51,13259,18912).
node(52,13413,19033).
node(53,13495,19136).
node(54,13552,19257).
node(55,13585,19409).
node(56,13612,19688).
node(57,12339,18650).
node(58,12566,18622).
node(59,12835,18577).
node(60,13081,18508).
node(61,13259,18429).
node(62,13414,18309).
node(63,13498,18208).
node(64,13556,18087).
node(65,13590,17936).
node(66,13612,17657).
node(67,13912,18681).
node(68,14138,18711).
node(69,14407,18759).
node(70,14652,18830).
node(71,14829,18912).
node(72,14983,19033).
node(73,15065,19136).
node(74,15122,19257).
node(75,15155,19408).
node(76,15182,19687).
node(77,13909,18649).
node(78,14135,18622).
node(79,14405,18577).
node(80,14651,18508).
node(81,14829,18429).
node(82,14984,18309).
node(83,15068,18207).
node(84,15126,18086).
node(85,15160,17935).
node(86,15182,17657).
node(87,15482,18681).
node(88,15708,18711).
node(89,15977,18759).
node(90,16222,18831).
node(91,16399,18912).
node(92,16553,19034).
node(93,16635,19136).
node(94,16692,19257).
node(95,16725,19409).
node(96,16752,19688).
node(97,17052,18680).
node(98,17278,18710).
node(99,17547,18758).
node(100,17792,18829).
node(101,17969,18911).
node(102,18123,19032).
node(103,18206,19135).
node(104,18263,19256).
node(105,18295,19407).
node(106,18322,19686).
node(107,16968,18651).
node(108,17132,18620).
node(109,17309,18562).
node(110,17456,18480).
node(111,17585,18379).
node(112,17684,18275).
node(113,17812,18051).
node(114,17831,17932).
node(115,17851,17654).
node(116,17752,18179).
node(117,18622,18680).
node(118,18848,18709).
node(119,19117,18758).
node(120,19362,18829).
node(121,19539,18910).
node(122,19693,19032).
node(123,19776,19134).
node(124,19833,19256).
node(125,19865,19407).
node(126,19892,19686).
node(127,18619,18648).
node(128,18846,18621).
node(129,19116,18576).
node(130,19361,18507).
node(131,19539,18427).
node(132,19694,18307).
node(133,19778,18206).
node(134,19836,18085).
node(135,19870,17934).
node(136,19892,17655).
node(137,20192,18681).
node(138,20418,18711).
node(139,20687,18759).
node(140,20932,18831).
node(141,21109,18912).
node(142,21263,19034).
node(143,21346,19136).
node(144,21403,19258).
node(145,21435,19409).
node(146,21459,19688).
node(147,20189,18650).
node(148,20416,18623).
node(149,20686,18577).
node(150,20931,18508).
node(151,21109,18429).
node(152,21264,18309).
node(153,21348,18208).
node(154,21406,18087).
node(155,21440,17936).
node(156,21462,17657).
node(157,21762,18681).
node(158,21988,18711).
node(159,22257,18759).
node(160,22502,18831).
node(161,22679,18912).
node(162,22833,19034).
node(163,22916,19136).
node(164,22973,19258).
node(165,23005,19409).
node(166,23022,19688).
node(167,21759,18650).
node(168,21986,18623).
node(169,22256,18577).
node(170,22501,18508).
node(171,22679,18429).
node(172,22834,18309).
node(173,22918,18208).
node(174,22976,18087).
node(175,23010,17936).
node(176,23022,17657).
node(177,23318,18681).
node(178,23543,18711).
node(179,23813,18759).
node(180,24057,18831).
node(181,24234,18912).
node(182,24389,19034).
node(183,24471,19136).
node(184,24528,19258).
node(185,24561,19409).
node(186,24602,19688).
node(187,23315,18650).
node(188,23541,18623).
node(189,23811,18577).
node(190,24057,18508).
node(191,24234,18429).
node(192,24390,18309).
node(193,24474,18208).
node(194,24532,18087).
node(195,24566,17936).
node(196,24602,17657).
node(197,24902,18681).
node(198,25128,18711).
node(199,25397,18759).
node(200,25642,18831).
node(201,25819,18912).
node(202,25973,19034).
node(203,26056,19136).
node(204,26113,19258).
node(205,26145,19409).
node(206,26172,19688).
node(207,24899,18650).
node(208,25126,18623).
node(209,25396,18577).
node(210,25641,18508).
node(211,25819,18429).
node(212,25974,18309).
node(213,26058,18208).
node(214,26116,18087).
node(215,26150,17936).
node(216,26172,17657).
node(217,26472,18681).
node(218,26698,18711).
node(219,26967,18759).
node(220,27212,18831).
node(221,27389,18912).
node(222,27543,19034).
node(223,27626,19136).
node(224,27683,19258).
node(225,27715,19409).
node(226,27742,19688).
node(227,26469,18650).
node(228,26696,18623).
node(229,26966,18577).
node(230,27211,18508).
node(231,27389,18429).
node(232,27544,18309).
node(233,27628,18208).
node(234,27686,18087).
node(235,27720,17936).
node(236,27742,17657).
node(237,8005,18676).
node(238,8231,18745).
node(239,8418,18829).
node(240,8586,18931).
node(241,8703,19034).
node(242,8786,19136).
node(243,8843,19258).
node(244,8875,19409).
node(245,8902,19688).
node(246,7782,18584).
node(247,8145,18558).
node(248,8371,18509).
node(249,8704,18309).
node(250,8788,18208).
node(251,8846,18087).
node(252,8881,17936).
node(253,8902,17657).
node(254,4145,2702).
node(255,4259,2822).
node(256,4436,3359).
node(257,4336,2954).
node(258,2742,6043).
node(259,2931,5989).
node(260,3103,5882).
node(261,3224,5757).
node(262,3314,5622).
node(263,3439,5511).
node(264,3603,5469).
node(265,4108,5685).
node(266,4238,5904).
node(267,4309,6226).
node(268,4356,6636).
node(269,4373,7235).
node(270,3796,5487).
node(271,16753,18662).
node(272,4490,15063).
node(273,18,6066).
node(274,2442,6066).
node(275,3637,2397).
node(276,3425,2352).
node(277,3212,2338).
node(278,4470,0).
node(279,19892,21941).
node(280,19892,23332).
node(281,19892,24722).
node(282,19892,26113).
node(283,21452,21941).
node(284,21452,23332).
node(285,21452,26113).
node(286,21452,24722).
node(287,23032,21941).
node(288,23032,23332).
node(289,23032,26113).
node(290,24602,26113).
node(291,24602,24722).
node(292,24602,21941).
node(293,26172,21941).
node(294,26172,23332).
node(295,26172,24722).
node(296,26172,26113).
node(297,27742,26113).
node(298,27742,23332).
node(299,27742,21941).
node(300,18322,21941).
node(301,18322,23332).
node(302,18322,24722).
node(303,16752,26113).
node(304,16752,24722).
node(305,16752,23332).
node(306,15182,21941).
node(307,15182,24722).
node(308,15182,26113).
node(309,13612,26113).
node(310,13612,24722).
node(311,13612,21941).
node(312,12042,23332).
node(313,12042,24722).
node(314,12042,26113).
node(315,10472,21941).
node(316,10472,23332).
node(317,10472,24722).
node(318,8902,26113).
node(319,8902,24722).
node(320,8902,23332).
node(321,23032,10816).
node(322,23032,12207).
node(323,23032,13597).
node(324,23032,14988).
node(325,24602,14988).
node(326,24602,13597).
node(327,24602,10816).
node(328,26172,10816).
node(329,26172,12207).
node(330,26172,14988).
node(331,27742,13597).
node(332,27742,12207).
node(333,27742,10816).
node(334,27742,18663).
node(335,26172,18663).
node(336,24602,18663).
node(337,15182,10816).
node(338,15182,13597).
node(339,15182,14988).
node(340,15182,18663).
node(341,13612,18663).
node(342,13612,14988).
node(343,13612,13597).
node(344,13612,12207).
node(345,13612,10816).
node(346,12042,10816).
node(347,12042,12207).
node(348,12042,13597).
node(349,12042,18663).
node(350,10472,18663).
node(351,10472,14988).
node(352,10472,13597).
node(353,10472,12207).
node(354,8902,10816).
node(355,8902,12207).
node(356,8902,13597).
node(357,8902,18663).
node(358,8252,18642).
node(359,18322,18662).
node(360,19892,13597).
node(361,19892,14988).
node(362,23018,18663).
node(363,4378,8335).
node(364,4340,7666).
node(365,4311,7353).
node(366,4249,6925).
node(367,4180,6665).
node(368,4059,6462).
node(369,3942,6333).
node(370,3735,6215).
node(371,3405,6135).
node(372,2981,6085).
node(373,4480,4462).
node(374,4431,4847).
node(375,4355,5222).
node(376,4262,5489).
node(377,4180,5650).
node(378,4025,5797).
node(379,3808,5880).
node(380,3429,5968).
node(381,2990,6036).
node(382,4481,3931).
node(383,4467,3663).
node(384,4381,3108).
node(385,4001,2587).
node(386,3821,2468).
node(387,17841,15288).
node(388,21462,10816).
node(389,21462,12207).
node(390,21462,13597).
node(391,21462,14988).
node(392,21462,18663).
node(393,19892,18663).
node(394,19892,10816).
node(395,19892,12207).
node(396,5452,17617).
node(397,6778,18413).
node(398,6293,18218).
node(399,7221,18534).
node(400,5887,17998).
node(401,4698,16243).
node(402,4887,16727).
node(407,7695,18612).
node(412,5152,17212).
node(413,4570,15709).
node(414,17838,13200).
node(415,17838,11253).
node(428,1878,4111).
node(429,4487,4120).
node(430,4428,14242).
node(431,0,2324).
node(432,4471,2346).
node(433,4441,6075).
node(434,17856,18661).
node(435,23032,24722).
node(436,27742,24722).
node(437,18322,26113).
node(438,16752,21941).
node(439,12042,21941).
node(440,10472,26113).
node(441,24602,12207).
node(442,26172,13597).
node(443,27742,14988).
node(444,12042,14988).
node(445,8902,14988).
node(455,8549,18429).
node(497,24602,23332).
node(499,15182,23332).
node(500,13612,23332).
node(501,8902,21941).
node(504,15182,12207).
node(506,10472,10816).
edge(1,274,823).
edge(274,1,823).
edge(1,433,1175).
edge(433,1,1175).
edge(6,270,200).
edge(270,6,200).
edge(6,265,174).
edge(265,6,174).
edge(7,444,2669).
edge(444,7,2669).
edge(7,46,286).
edge(46,7,286).
edge(7,349,1006).
edge(349,7,1006).
edge(8,9,228).
edge(9,8,228).
edge(8,357,297).
edge(357,8,297).
edge(9,10,274).
edge(10,9,274).
edge(10,11,255).
edge(11,10,255).
edge(11,16,195).
edge(16,11,195).
edge(12,17,131).
edge(17,12,131).
edge(12,16,196).
edge(16,12,196).
edge(13,14,155).
edge(14,13,155).
edge(13,17,134).
edge(17,13,134).
edge(14,15,280).
edge(15,14,280).
edge(15,351,2669).
edge(351,15,2669).
edge(15,350,1006).
edge(350,15,1006).
edge(18,19,228).
edge(19,18,228).
edge(18,357,300).
edge(357,18,300).
edge(19,20,274).
edge(20,19,274).
edge(20,21,255).
edge(21,20,255).
edge(21,22,195).
edge(22,21,195).
edge(22,23,196).
edge(23,22,196).
edge(23,24,131).
edge(24,23,131).
edge(24,25,134).
edge(25,24,134).
edge(25,26,155).
edge(26,25,155).
edge(26,27,280).
edge(27,26,280).
edge(27,315,2253).
edge(315,27,2253).
edge(27,350,1024).
edge(350,27,1024).
edge(28,29,228).
edge(29,28,228).
edge(28,350,297).
edge(350,28,297).
edge(29,30,274).
edge(30,29,274).
edge(30,31,255).
edge(31,30,255).
edge(31,32,195).
edge(32,31,195).
edge(32,33,196).
edge(33,32,196).
edge(33,34,131).
edge(34,33,131).
edge(34,35,134).
edge(35,34,134).
edge(35,36,155).
edge(36,35,155).
edge(36,37,281).
edge(37,36,281).
edge(37,439,2247).
edge(439,37,2247).
edge(37,349,1031).
edge(349,37,1031).
edge(38,39,228).
edge(39,38,228).
edge(38,350,294).
edge(350,38,294).
edge(39,40,274).
edge(40,39,274).
edge(40,41,255).
edge(41,40,255).
edge(41,42,195).
edge(42,41,195).
edge(42,43,196).
edge(43,42,196).
edge(43,44,131).
edge(44,43,131).
edge(44,45,134).
edge(45,44,134).
edge(45,46,155).
edge(46,45,155).
edge(47,48,228).
edge(48,47,228).
edge(47,349,300).
edge(349,47,300).
edge(48,49,274).
edge(49,48,274).
edge(49,50,255).
edge(50,49,255).
edge(50,51,195).
edge(51,50,195).
edge(51,52,196).
edge(52,51,196).
edge(52,53,131).
edge(53,52,131).
edge(53,54,134).
edge(54,53,134).
edge(54,55,155).
edge(55,54,155).
edge(55,56,280).
edge(56,55,280).
edge(56,311,2254).
edge(311,56,2254).
edge(56,341,1024).
edge(341,56,1024).
edge(57,58,228).
edge(58,57,228).
edge(57,349,297).
edge(349,57,297).
edge(58,59,274).
edge(59,58,274).
edge(59,60,255).
edge(60,59,255).
edge(60,61,195).
edge(61,60,195).
edge(61,62,196).
edge(62,61,196).
edge(62,63,131).
edge(63,62,131).
edge(63,64,134).
edge(64,63,134).
edge(64,65,155).
edge(65,64,155).
edge(65,66,280).
edge(66,65,280).
edge(66,342,2669).
edge(342,66,2669).
edge(66,341,1006).
edge(341,66,1006).
edge(67,68,228).
edge(68,67,228).
edge(67,341,300).
edge(341,67,300).
edge(68,69,274).
edge(69,68,274).
edge(69,70,255).
edge(70,69,255).
edge(70,71,195).
edge(71,70,195).
edge(71,72,196).
edge(72,71,196).
edge(72,73,131).
edge(73,72,131).
edge(73,74,134).
edge(74,73,134).
edge(74,75,155).
edge(75,74,155).
edge(75,76,280).
edge(76,75,280).
edge(76,306,2254).
edge(306,76,2254).
edge(76,340,1024).
edge(340,76,1024).
edge(77,78,228).
edge(78,77,228).
edge(77,341,297).
edge(341,77,297).
edge(78,79,274).
edge(79,78,274).
edge(79,80,255).
edge(80,79,255).
edge(80,81,195).
edge(81,80,195).
edge(81,82,196).
edge(82,81,196).
edge(82,83,131).
edge(83,82,131).
edge(83,84,134).
edge(84,83,134).
edge(84,85,155).
edge(85,84,155).
edge(85,86,280).
edge(86,85,280).
edge(86,339,2669).
edge(339,86,2669).
edge(86,340,1006).
edge(340,86,1006).
edge(87,88,228).
edge(88,87,228).
edge(87,340,300).
edge(340,87,300).
edge(88,89,274).
edge(89,88,274).
edge(89,90,255).
edge(90,89,255).
edge(90,91,195).
edge(91,90,195).
edge(91,92,196).
edge(92,91,196).
edge(92,93,131).
edge(93,92,131).
edge(93,94,134).
edge(94,93,134).
edge(94,95,155).
edge(95,94,155).
edge(95,96,280).
edge(96,95,280).
edge(96,438,2253).
edge(438,96,2253).
edge(96,271,1026).
edge(271,96,1026).
edge(97,98,228).
edge(98,97,228).
edge(97,271,300).
edge(271,97,300).
edge(98,99,274).
edge(99,98,274).
edge(99,100,255).
edge(100,99,255).
edge(100,101,195).
edge(101,100,195).
edge(101,102,196).
edge(102,101,196).
edge(102,103,131).
edge(103,102,131).
edge(103,104,134).
edge(104,103,134).
edge(104,105,155).
edge(105,104,155).
edge(105,106,280).
edge(106,105,280).
edge(106,300,2255).
edge(300,106,2255).
edge(106,359,1025).
edge(359,106,1025).
edge(107,108,167).
edge(108,107,167).
edge(107,271,216).
edge(271,107,216).
edge(108,109,186).
edge(109,108,186).
edge(109,110,169).
edge(110,109,169).
edge(110,111,163).
edge(111,110,163).
edge(111,112,144).
edge(112,111,144).
edge(112,116,117).
edge(116,112,117).
edge(113,114,121).
edge(114,113,121).
edge(113,116,141).
edge(116,113,141).
edge(114,115,279).
edge(115,114,279).
edge(115,434,1008).
edge(434,115,1008).
edge(115,387,2365).
edge(387,115,2365).
edge(117,118,228).
edge(118,117,228).
edge(117,359,300).
edge(359,117,300).
edge(118,119,274).
edge(119,118,274).
edge(119,120,255).
edge(120,119,255).
edge(120,121,195).
edge(121,120,195).
edge(121,122,196).
edge(122,121,196).
edge(122,123,131).
edge(123,122,131).
edge(123,124,134).
edge(124,123,134).
edge(124,125,155).
edge(125,124,155).
edge(125,126,280).
edge(126,125,280).
edge(126,279,2255).
edge(279,126,2255).
edge(126,393,1023).
edge(393,126,1023).
edge(127,128,228).
edge(128,127,228).
edge(127,359,297).
edge(359,127,297).
edge(128,129,274).
edge(129,128,274).
edge(129,130,255).
edge(130,129,255).
edge(130,131,195).
edge(131,130,195).
edge(131,132,196).
edge(132,131,196).
edge(132,133,131).
edge(133,132,131).
edge(133,134,134).
edge(134,133,134).
edge(134,135,155).
edge(135,134,155).
edge(135,136,280).
edge(136,135,280).
edge(136,361,2667).
edge(361,136,2667).
edge(136,393,1008).
edge(393,136,1008).
edge(137,138,228).
edge(138,137,228).
edge(137,393,300).
edge(393,137,300).
edge(138,139,274).
edge(139,138,274).
edge(139,140,255).
edge(140,139,255).
edge(140,141,195).
edge(141,140,195).
edge(141,142,196).
edge(142,141,196).
edge(142,143,131).
edge(143,142,131).
edge(143,144,134).
edge(144,143,134).
edge(144,145,155).
edge(145,144,155).
edge(145,146,280).
edge(146,145,280).
edge(146,283,2253).
edge(283,146,2253).
edge(146,392,1024).
edge(392,146,1024).
edge(147,148,228).
edge(148,147,228).
edge(147,393,297).
edge(393,147,297).
edge(148,149,274).
edge(149,148,274).
edge(149,150,255).
edge(150,149,255).
edge(150,151,195).
edge(151,150,195).
edge(151,152,196).
edge(152,151,196).
edge(152,153,131).
edge(153,152,131).
edge(153,154,134).
edge(154,153,134).
edge(154,155,155).
edge(155,154,155).
edge(155,156,280).
edge(156,155,280).
edge(156,391,2669).
edge(391,156,2669).
edge(156,392,1006).
edge(392,156,1006).
edge(157,158,228).
edge(158,157,228).
edge(157,392,300).
edge(392,157,300).
edge(158,159,274).
edge(159,158,274).
edge(159,160,255).
edge(160,159,255).
edge(160,161,195).
edge(161,160,195).
edge(161,162,196).
edge(162,161,196).
edge(162,163,131).
edge(163,162,131).
edge(163,164,134).
edge(164,163,134).
edge(164,165,155).
edge(165,164,155).
edge(165,166,280).
edge(166,165,280).
edge(166,287,2253).
edge(287,166,2253).
edge(166,362,1024).
edge(362,166,1024).
edge(167,168,228).
edge(168,167,228).
edge(167,392,297).
edge(392,167,297).
edge(168,169,274).
edge(169,168,274).
edge(169,170,255).
edge(170,169,255).
edge(170,171,195).
edge(171,170,195).
edge(171,172,196).
edge(172,171,196).
edge(172,173,131).
edge(173,172,131).
edge(173,174,134).
edge(174,173,134).
edge(174,175,155).
edge(175,174,155).
edge(175,176,279).
edge(176,175,279).
edge(176,324,2669).
edge(324,176,2669).
edge(176,362,1006).
edge(362,176,1006).
edge(177,178,228).
edge(178,177,228).
edge(177,362,300).
edge(362,177,300).
edge(178,179,274).
edge(179,178,274).
edge(179,180,255).
edge(180,179,255).
edge(180,181,195).
edge(181,180,195).
edge(181,182,196).
edge(182,181,196).
edge(182,183,131).
edge(183,182,131).
edge(183,184,134).
edge(184,183,134).
edge(184,185,155).
edge(185,184,155).
edge(185,186,282).
edge(186,185,282).
edge(186,292,2253).
edge(292,186,2253).
edge(186,336,1024).
edge(336,186,1024).
edge(187,188,228).
edge(188,187,228).
edge(187,362,297).
edge(362,187,297).
edge(188,189,274).
edge(189,188,274).
edge(189,190,255).
edge(190,189,255).
edge(190,191,195).
edge(191,190,195).
edge(191,192,196).
edge(192,191,196).
edge(192,193,131).
edge(193,192,131).
edge(193,194,134).
edge(194,193,134).
edge(194,195,155).
edge(195,194,155).
edge(195,196,281).
edge(196,195,281).
edge(196,325,2669).
edge(325,196,2669).
edge(196,336,1006).
edge(336,196,1006).
edge(197,198,228).
edge(198,197,228).
edge(197,336,300).
edge(336,197,300).
edge(198,199,274).
edge(199,198,274).
edge(199,200,255).
edge(200,199,255).
edge(200,201,195).
edge(201,200,195).
edge(201,202,196).
edge(202,201,196).
edge(202,203,131).
edge(203,202,131).
edge(203,204,134).
edge(204,203,134).
edge(204,205,155).
edge(205,204,155).
edge(205,206,280).
edge(206,205,280).
edge(206,293,2253).
edge(293,206,2253).
edge(206,335,1024).
edge(335,206,1024).
edge(207,208,228).
edge(208,207,228).
edge(207,336,297).
edge(336,207,297).
edge(208,209,274).
edge(209,208,274).
edge(209,210,255).
edge(210,209,255).
edge(210,211,195).
edge(211,210,195).
edge(211,212,196).
edge(212,211,196).
edge(212,213,131).
edge(213,212,131).
edge(213,214,134).
edge(214,213,134).
edge(214,215,155).
edge(215,214,155).
edge(215,216,280).
edge(216,215,280).
edge(216,330,2669).
edge(330,216,2669).
edge(216,335,1006).
edge(335,216,1006).
edge(217,218,228).
edge(218,217,228).
edge(217,335,300).
edge(335,217,300).
edge(218,219,274).
edge(219,218,274).
edge(219,220,255).
edge(220,219,255).
edge(220,221,195).
edge(221,220,195).
edge(221,222,196).
edge(222,221,196).
edge(222,223,131).
edge(223,222,131).
edge(223,224,134).
edge(224,223,134).
edge(224,225,155).
edge(225,224,155).
edge(225,226,280).
edge(226,225,280).
edge(226,299,2253).
edge(299,226,2253).
edge(226,334,1024).
edge(334,226,1024).
edge(227,228,228).
edge(228,227,228).
edge(227,335,297).
edge(335,227,297).
edge(228,229,274).
edge(229,228,274).
edge(229,230,255).
edge(230,229,255).
edge(230,231,195).
edge(231,230,195).
edge(231,232,196).
edge(232,231,196).
edge(232,233,131).
edge(233,232,131).
edge(233,234,134).
edge(234,233,134).
edge(234,235,155).
edge(235,234,155).
edge(235,236,280).
edge(236,235,280).
edge(236,443,2669).
edge(443,236,2669).
edge(236,334,1006).
edge(334,236,1006).
edge(237,238,237).
edge(238,237,237).
edge(237,407,316).
edge(407,237,316).
edge(238,239,205).
edge(239,238,205).
edge(239,240,196).
edge(240,239,196).
edge(240,241,156).
edge(241,240,156).
edge(241,242,131).
edge(242,241,131).
edge(242,243,134).
edge(243,242,134).
edge(243,244,155).
edge(244,243,155).
edge(244,245,280).
edge(245,244,280).
edge(245,501,2253).
edge(501,245,2253).
edge(245,357,1025).
edge(357,245,1025).
edge(246,247,364).
edge(247,246,364).
edge(246,399,564).
edge(399,246,564).
edge(247,248,231).
edge(248,247,231).
edge(248,455,195).
edge(455,248,195).
edge(249,250,131).
edge(250,249,131).
edge(249,455,196).
edge(455,249,196).
edge(250,251,134).
edge(251,250,134).
edge(251,252,155).
edge(252,251,155).
edge(252,253,280).
edge(253,252,280).
edge(253,445,2669).
edge(445,253,2669).
edge(253,357,1006).
edge(357,253,1006).
edge(254,385,185).
edge(385,254,185).
edge(254,255,165).
edge(255,254,165).
edge(255,257,153).
edge(257,255,153).
edge(256,384,257).
edge(384,256,257).
edge(256,383,305).
edge(383,256,305).
edge(257,384,160).
edge(384,257,160).
edge(258,274,301).
edge(274,258,301).
edge(258,259,197).
edge(259,258,197).
edge(259,260,202).
edge(260,259,202).
edge(260,261,174).
edge(261,260,174).
edge(261,262,162).
edge(262,261,162).
edge(262,263,167).
edge(263,262,167).
edge(263,264,170).
edge(264,263,170).
edge(264,270,194).
edge(270,264,194).
edge(265,266,255).
edge(266,265,255).
edge(266,267,329).
edge(267,266,329).
edge(267,268,413).
edge(268,267,413).
edge(268,269,599).
edge(269,268,599).
edge(269,363,1099).
edge(363,269,1099).
edge(271,340,1570).
edge(340,271,1570).
edge(271,434,1103).
edge(434,271,1103).
edge(272,413,651).
edge(413,272,651).
edge(272,430,823).
edge(430,272,823).
edge(273,274,2425).
edge(274,273,2425).
edge(274,372,539).
edge(372,274,539).
edge(274,381,548).
edge(381,274,548).
edge(275,276,217).
edge(276,275,217).
edge(275,386,197).
edge(386,275,197).
edge(276,277,213).
edge(277,276,213).
edge(277,431,3212).
edge(431,277,3212).
edge(277,432,1259).
edge(432,277,1259).
edge(278,432,2346).
edge(432,278,2346).
edge(279,280,1391).
edge(280,279,1391).
edge(280,281,1391).
edge(281,280,1391).
edge(281,282,1391).
edge(282,281,1391).
edge(283,284,1391).
edge(284,283,1391).
edge(284,286,1391).
edge(286,284,1391).
edge(285,286,1391).
edge(286,285,1391).
edge(287,288,1391).
edge(288,287,1391).
edge(288,435,1391).
edge(435,288,1391).
edge(289,435,1391).
edge(435,289,1391).
edge(290,291,1391).
edge(291,290,1391).
edge(291,497,1391).
edge(497,291,1391).
edge(292,497,1391).
edge(497,292,1391).
edge(293,294,1391).
edge(294,293,1391).
edge(294,295,1391).
edge(295,294,1391).
edge(295,296,1391).
edge(296,295,1391).
edge(297,436,1391).
edge(436,297,1391).
edge(298,436,1391).
edge(436,298,1391).
edge(298,299,1391).
edge(299,298,1391).
edge(300,301,1391).
edge(301,300,1391).
edge(301,302,1391).
edge(302,301,1391).
edge(302,437,1391).
edge(437,302,1391).
edge(303,304,1391).
edge(304,303,1391).
edge(304,305,1391).
edge(305,304,1391).
edge(305,438,1391).
edge(438,305,1391).
edge(306,499,1391).
edge(499,306,1391).
edge(307,308,1391).
edge(308,307,1391).
edge(307,499,1391).
edge(499,307,1391).
edge(309,310,1391).
edge(310,309,1391).
edge(310,500,1391).
edge(500,310,1391).
edge(311,500,1391).
edge(500,311,1391).
edge(312,313,1391).
edge(313,312,1391).
edge(312,439,1391).
edge(439,312,1391).
edge(313,314,1391).
edge(314,313,1391).
edge(315,316,1391).
edge(316,315,1391).
edge(316,317,1391).
edge(317,316,1391).
edge(317,440,1391).
edge(440,317,1391).
edge(318,319,1391).
edge(319,318,1391).
edge(319,320,1391).
edge(320,319,1391).
edge(320,501,1391).
edge(501,320,1391).
edge(321,322,1391).
edge(322,321,1391).
edge(322,323,1391).
edge(323,322,1391).
edge(323,324,1391).
edge(324,323,1391).
edge(325,326,1391).
edge(326,325,1391).
edge(326,441,1391).
edge(441,326,1391).
edge(327,441,1391).
edge(441,327,1391).
edge(328,329,1391).
edge(329,328,1391).
edge(329,442,1391).
edge(442,329,1391).
edge(330,442,1391).
edge(442,330,1391).
edge(331,332,1391).
edge(332,331,1391).
edge(331,443,1391).
edge(443,331,1391).
edge(332,333,1391).
edge(333,332,1391).
edge(334,335,1570).
edge(335,334,1570).
edge(335,336,1570).
edge(336,335,1570).
edge(336,362,1584).
edge(362,336,1584).
edge(337,504,1391).
edge(504,337,1391).
edge(338,504,1391).
edge(504,338,1391).
edge(338,339,1391).
edge(339,338,1391).
edge(340,341,1570).
edge(341,340,1570).
edge(341,349,1570).
edge(349,341,1570).
edge(342,343,1391).
edge(343,342,1391).
edge(343,344,1391).
edge(344,343,1391).
edge(344,345,1391).
edge(345,344,1391).
edge(346,347,1391).
edge(347,346,1391).
edge(347,348,1391).
edge(348,347,1391).
edge(348,444,1391).
edge(444,348,1391).
edge(349,350,1570).
edge(350,349,1570).
edge(350,357,1570).
edge(357,350,1570).
edge(351,352,1391).
edge(352,351,1391).
edge(352,353,1391).
edge(353,352,1391).
edge(353,506,1391).
edge(506,353,1391).
edge(354,355,1391).
edge(355,354,1391).
edge(355,356,1391).
edge(356,355,1391).
edge(356,445,1391).
edge(445,356,1391).
edge(357,358,650).
edge(358,357,650).
edge(358,407,558).
edge(407,358,558).
edge(359,393,1570).
edge(393,359,1570).
edge(359,434,467).
edge(434,359,467).
edge(360,395,1391).
edge(395,360,1391).
edge(360,361,1391).
edge(361,360,1391).
edge(362,392,1556).
edge(392,362,1556).
edge(363,430,5908).
edge(430,363,5908).
edge(363,364,670).
edge(364,363,670).
edge(363,433,2260).
edge(433,363,2260).
edge(364,365,314).
edge(365,364,314).
edge(365,366,432).
edge(366,365,432).
edge(366,367,269).
edge(367,366,269).
edge(367,368,237).
edge(368,367,237).
edge(368,369,174).
edge(369,368,174).
edge(369,370,238).
edge(370,369,238).
edge(370,371,340).
edge(371,370,340).
edge(371,372,427).
edge(372,371,427).
edge(373,374,388).
edge(374,373,388).
edge(373,429,342).
edge(429,373,342).
edge(374,375,383).
edge(375,374,383).
edge(375,376,283).
edge(376,375,283).
edge(376,377,180).
edge(377,376,180).
edge(377,378,214).
edge(378,377,214).
edge(378,379,232).
edge(379,378,232).
edge(379,380,389).
edge(380,379,389).
edge(380,381,445).
edge(381,380,445).
edge(382,383,268).
edge(383,382,268).
edge(382,429,189).
edge(429,382,189).
edge(385,386,216).
edge(386,385,216).
edge(387,414,2088).
edge(414,387,2088).
edge(388,389,1391).
edge(389,388,1391).
edge(389,390,1391).
edge(390,389,1391).
edge(390,391,1391).
edge(391,390,1391).
edge(392,393,1570).
edge(393,392,1570).
edge(394,395,1391).
edge(395,394,1391).
edge(396,400,579).
edge(400,396,579).
edge(396,412,503).
edge(412,396,503).
edge(397,399,458).
edge(399,397,458).
edge(397,398,523).
edge(398,397,523).
edge(398,400,461).
edge(400,398,461).
edge(399,407,481).
edge(407,399,481).
edge(401,402,520).
edge(402,401,520).
edge(401,413,549).
edge(413,401,549).
edge(402,412,553).
edge(412,402,553).
edge(414,415,1947).
edge(415,414,1947).
edge(428,429,2609).
edge(429,428,2609).
edge(429,432,1775).
edge(432,429,1775).
edge(429,433,1956).
edge(433,429,1956).
conflict(1,1).
conflict(6,6).
conflict(7,7).
conflict(8,8).
conflict(9,9).
conflict(10,10).
conflict(11,11).
conflict(12,12).
conflict(13,13).
conflict(14,14).
conflict(15,15).
conflict(16,16).
conflict(17,17).
conflict(18,18).
conflict(19,19).
conflict(20,20).
conflict(21,21).
conflict(22,22).
conflict(23,23).
conflict(24,24).
conflict(25,25).
conflict(26,26).
conflict(27,27).
conflict(28,28).
conflict(29,29).
conflict(30,30).
conflict(31,31).
conflict(32,32).
conflict(33,33).
conflict(34,34).
conflict(35,35).
conflict(36,36).
conflict(37,37).
conflict(38,38).
conflict(39,39).
conflict(40,40).
conflict(41,41).
conflict(42,42).
conflict(43,43).
conflict(44,44).
conflict(45,45).
conflict(46,46).
conflict(47,47).
conflict(48,48).
conflict(49,49).
conflict(50,50).
conflict(51,51).
conflict(52,52).
conflict(53,53).
conflict(54,54).
conflict(55,55).
conflict(56,56).
conflict(57,57).
conflict(58,58).
conflict(59,59).
conflict(60,60).
conflict(61,61).
conflict(62,62).
conflict(63,63).
conflict(64,64).
conflict(65,65).
conflict(66,66).
conflict(67,67).
conflict(68,68).
conflict(69,69).
conflict(70,70).
conflict(71,71).
conflict(72,72).
conflict(73,73).
conflict(74,74).
conflict(75,75).
conflict(76,76).
conflict(77,77).
conflict(78,78).
conflict(79,79).
conflict(80,80).
conflict(81,81).
conflict(82,82).
conflict(83,83).
conflict(84,84).
conflict(85,85).
conflict(86,86).
conflict(87,87).
conflict(88,88).
conflict(89,89).
conflict(90,90).
conflict(91,91).
conflict(92,92).
conflict(93,93).
conflict(94,94).
conflict(95,95).
conflict(96,96).
conflict(97,97).
conflict(98,98).
conflict(99,99).
conflict(100,100).
conflict(101,101).
conflict(102,102).
conflict(103,103).
conflict(104,104).
conflict(105,105).
conflict(106,106).
conflict(107,107).
conflict(108,108).
conflict(109,109).
conflict(110,110).
conflict(111,111).
conflict(112,112).
conflict(113,113).
conflict(114,114).
conflict(115,115).
conflict(116,116).
conflict(117,117).
conflict(118,118).
conflict(119,119).
conflict(120,120).
conflict(121,121).
conflict(122,122).
conflict(123,123).
conflict(124,124).
conflict(125,125).
conflict(126,126).
conflict(127,127).
conflict(128,128).
conflict(129,129).
conflict(130,130).
conflict(131,131).
conflict(132,132).
conflict(133,133).
conflict(134,134).
conflict(135,135).
conflict(136,136).
conflict(137,137).
conflict(138,138).
conflict(139,139).
conflict(140,140).
conflict(141,141).
conflict(142,142).
conflict(143,143).
conflict(144,144).
conflict(145,145).
conflict(146,146).
conflict(147,147).
conflict(148,148).
conflict(149,149).
conflict(150,150).
conflict(151,151).
conflict(152,152).
conflict(153,153).
conflict(154,154).
conflict(155,155).
conflict(156,156).
conflict(157,157).
conflict(158,158).
conflict(159,159).
conflict(160,160).
conflict(161,161).
conflict(162,162).
conflict(163,163).
conflict(164,164).
conflict(165,165).
conflict(166,166).
conflict(167,167).
conflict(168,168).
conflict(169,169).
conflict(170,170).
conflict(171,171).
conflict(172,172).
conflict(173,173).
conflict(174,174).
conflict(175,175).
conflict(176,176).
conflict(177,177).
conflict(178,178).
conflict(179,179).
conflict(180,180).
conflict(181,181).
conflict(182,182).
conflict(183,183).
conflict(184,184).
conflict(185,185).
conflict(186,186).
conflict(187,187).
conflict(188,188).
conflict(189,189).
conflict(190,190).
conflict(191,191).
conflict(192,192).
conflict(193,193).
conflict(194,194).
conflict(195,195).
conflict(196,196).
conflict(197,197).
conflict(198,198).
conflict(199,199).
conflict(200,200).
conflict(201,201).
conflict(202,202).
conflict(203,203).
conflict(204,204).
conflict(205,205).
conflict(206,206).
conflict(207,207).
conflict(208,208).
conflict(209,209).
conflict(210,210).
conflict(211,211).
conflict(212,212).
conflict(213,213).
conflict(214,214).
conflict(215,215).
conflict(216,216).
conflict(217,217).
conflict(218,218).
conflict(219,219).
conflict(220,220).
conflict(221,221).
conflict(222,222).
conflict(223,223).
conflict(224,224).
conflict(225,225).
conflict(226,226).
conflict(227,227).
conflict(228,228).
conflict(229,229).
conflict(230,230).
conflict(231,231).
conflict(232,232).
conflict(233,233).
conflict(234,234).
conflict(235,235).
conflict(236,236).
conflict(237,237).
conflict(238,238).
conflict(239,239).
conflict(240,240).
conflict(241,241).
conflict(242,242).
conflict(243,243).
conflict(244,244).
conflict(245,245).
conflict(246,246).
conflict(247,247).
conflict(248,248).
conflict(249,249).
conflict(250,250).
conflict(251,251).
conflict(252,252).
conflict(253,253).
conflict(254,254).
conflict(255,255).
conflict(256,256).
conflict(257,257).
conflict(258,258).
conflict(259,259).
conflict(260,260).
conflict(261,261).
conflict(262,262).
conflict(263,263).
conflict(264,264).
conflict(265,265).
conflict(266,266).
conflict(267,267).
conflict(268,268).
conflict(269,269).
conflict(270,270).
conflict(271,271).
conflict(272,272).
conflict(273,273).
conflict(274,274).
conflict(275,275).
conflict(276,276).
conflict(277,277).
conflict(278,278).
conflict(279,279).
conflict(280,280).
conflict(281,281).
conflict(282,282).
conflict(283,283).
conflict(284,284).
conflict(285,285).
conflict(286,286).
conflict(287,287).
conflict(288,288).
conflict(289,289).
conflict(290,290).
conflict(291,291).
conflict(292,292).
conflict(293,293).
conflict(294,294).
conflict(295,295).
conflict(296,296).
conflict(297,297).
conflict(298,298).
conflict(299,299).
conflict(300,300).
conflict(301,301).
conflict(302,302).
conflict(303,303).
conflict(304,304).
conflict(305,305).
conflict(306,306).
conflict(307,307).
conflict(308,308).
conflict(309,309).
conflict(310,310).
conflict(311,311).
conflict(312,312).
conflict(313,313).
conflict(314,314).
conflict(315,315).
conflict(316,316).
conflict(317,317).
conflict(318,318).
conflict(319,319).
conflict(320,320).
conflict(321,321).
conflict(322,322).
conflict(323,323).
conflict(324,324).
conflict(325,325).
conflict(326,326).
conflict(327,327).
conflict(328,328).
conflict(329,329).
conflict(330,330).
conflict(331,331).
conflict(332,332).
conflict(333,333).
conflict(334,334).
conflict(335,335).
conflict(336,336).
conflict(337,337).
conflict(338,338).
conflict(339,339).
conflict(340,340).
conflict(341,341).
conflict(342,342).
conflict(343,343).
conflict(344,344).
conflict(345,345).
conflict(346,346).
conflict(347,347).
conflict(348,348).
conflict(349,349).
conflict(350,350).
conflict(351,351).
conflict(352,352).
conflict(353,353).
conflict(354,354).
conflict(355,355).
conflict(356,356).
conflict(357,357).
conflict(358,358).
conflict(359,359).
conflict(360,360).
