grid(28001,19638).
poss_home(290).
poss_home(584).
poss_home(291).
poss_home(293).
poss_home(292).
poss_home(192).
poss_home(321).
poss_manipulator(465).
poss_manipulator(508).
poss_manipulator(502).
poss_manipulator(430).
poss_manipulator(454).
poss_manipulator(510).
poss_manipulator(474).
poss_manipulator(440).
poss_manipulator(469).
poss_manipulator(442).
poss_manipulator(517).
poss_manipulator(470).
poss_manipulator(455).
poss_manipulator(456).
poss_manipulator(468).
poss_manipulator(511).
poss_manipulator(518).
poss_manipulator(436).
poss_manipulator(463).
poss_manipulator(514).
poss_manipulator(509).
poss_manipulator(521).
poss_manipulator(476).
poss_manipulator(427).
poss_manipulator(477).
poss_manipulator(443).
poss_manipulator(480).
poss_manipulator(461).
poss_manipulator(429).
poss_manipulator(437).
poss_manipulator(520).
poss_manipulator(441).
poss_manipulator(460).
poss_manipulator(458).
poss_manipulator(471).
poss_manipulator(505).
poss_manipulator(519).
poss_manipulator(444).
poss_manipulator(459).
poss_manipulator(453).
poss_manipulator(450).
poss_manipulator(475).
poss_manipulator(448).
poss_manipulator(434).
poss_manipulator(449).
poss_manipulator(447).
poss_manipulator(473).
poss_manipulator(478).
poss_manipulator(462).
poss_manipulator(435).
poss_manipulator(516).
poss_manipulator(504).
poss_manipulator(515).
poss_manipulator(503).
poss_manipulator(513).
poss_manipulator(472).
poss_manipulator(445).
poss_manipulator(451).
poss_manipulator(512).
poss_manipulator(481).
poss_manipulator(431).
poss_manipulator(432).
poss_manipulator(446).
poss_manipulator(507).
poss_manipulator(464).
poss_manipulator(428).
poss_manipulator(433).
poss_manipulator(506).
poss_empty_pallet(465).
poss_empty_pallet(508).
poss_empty_pallet(502).
poss_empty_pallet(430).
poss_empty_pallet(454).
poss_empty_pallet(510).
poss_empty_pallet(474).
poss_empty_pallet(440).
poss_empty_pallet(469).
poss_empty_pallet(442).
poss_empty_pallet(517).
poss_empty_pallet(470).
poss_empty_pallet(455).
poss_empty_pallet(456).
poss_empty_pallet(468).
poss_empty_pallet(511).
poss_empty_pallet(518).
poss_empty_pallet(436).
poss_empty_pallet(463).
poss_empty_pallet(514).
poss_empty_pallet(509).
poss_empty_pallet(521).
poss_empty_pallet(476).
poss_empty_pallet(427).
poss_empty_pallet(477).
poss_empty_pallet(443).
poss_empty_pallet(480).
poss_empty_pallet(461).
poss_empty_pallet(429).
poss_empty_pallet(437).
poss_empty_pallet(520).
poss_empty_pallet(441).
poss_empty_pallet(460).
poss_empty_pallet(458).
poss_empty_pallet(471).
poss_empty_pallet(505).
poss_empty_pallet(519).
poss_empty_pallet(444).
poss_empty_pallet(459).
poss_empty_pallet(453).
poss_empty_pallet(450).
poss_empty_pallet(475).
poss_empty_pallet(448).
poss_empty_pallet(434).
poss_empty_pallet(449).
poss_empty_pallet(447).
poss_empty_pallet(473).
poss_empty_pallet(478).
poss_empty_pallet(462).
poss_empty_pallet(435).
poss_empty_pallet(516).
poss_empty_pallet(504).
poss_empty_pallet(515).
poss_empty_pallet(503).
poss_empty_pallet(513).
poss_empty_pallet(472).
poss_empty_pallet(445).
poss_empty_pallet(451).
poss_empty_pallet(512).
poss_empty_pallet(481).
poss_empty_pallet(431).
poss_empty_pallet(432).
poss_empty_pallet(446).
poss_empty_pallet(507).
poss_empty_pallet(464).
poss_empty_pallet(428).
poss_empty_pallet(433).
poss_empty_pallet(506).
poss_storage(465).
poss_storage(508).
poss_storage(502).
poss_storage(430).
poss_storage(454).
poss_storage(510).
poss_storage(474).
poss_storage(440).
poss_storage(469).
poss_storage(442).
poss_storage(517).
poss_storage(470).
poss_storage(455).
poss_storage(456).
poss_storage(468).
poss_storage(511).
poss_storage(518).
poss_storage(436).
poss_storage(463).
poss_storage(514).
poss_storage(509).
poss_storage(521).
poss_storage(476).
poss_storage(427).
poss_storage(477).
poss_storage(443).
poss_storage(480).
poss_storage(461).
poss_storage(429).
poss_storage(437).
poss_storage(520).
poss_storage(441).
poss_storage(460).
poss_storage(458).
poss_storage(471).
poss_storage(505).
poss_storage(519).
poss_storage(444).
poss_storage(459).
poss_storage(453).
poss_storage(450).
poss_storage(475).
poss_storage(448).
poss_storage(434).
poss_storage(449).
poss_storage(447).
poss_storage(473).
poss_storage(478).
poss_storage(462).
poss_storage(435).
poss_storage(516).
poss_storage(504).
poss_storage(515).
poss_storage(503).
poss_storage(513).
poss_storage(472).
poss_storage(445).
poss_storage(451).
poss_storage(512).
poss_storage(481).
poss_storage(431).
poss_storage(432).
poss_storage(446).
poss_storage(507).
poss_storage(464).
poss_storage(428).
poss_storage(433).
poss_storage(506).
node(1,26723,7961).
node(2,26634,8269).
node(3,26541,8534).
node(4,26350,9130).
node(5,26084,9711).
node(6,25749,10067).
node(7,25327,10271).
node(8,24912,10418).
node(9,24280,10577).
node(10,23892,10672).
node(11,23509,10799).
node(12,23094,10962).
node(13,22887,11136).
node(14,22770,11369).
node(15,24569,10535).
node(16,13775,11648).
node(17,14184,11580).
node(18,14591,11474).
node(19,15051,11311).
node(20,15691,11004).
node(21,16393,10593).
node(22,17078,10070).
node(23,17716,9542).
node(24,18508,9046).
node(25,19369,8613).
node(26,20581,8270).
node(27,21909,8027).
node(28,23331,7803).
node(29,21115,11662).
node(30,20599,11612).
node(31,20209,11501).
node(32,19821,11377).
node(33,19276,11089).
node(34,18755,10785).
node(35,18269,10416).
node(36,17806,10025).
node(37,16903,9415).
node(38,15840,8930).
node(39,14522,8486).
node(40,13087,8170).
node(41,11631,7879).
node(42,23521,791).
node(43,24147,882).
node(44,24909,1027).
node(45,25486,1159).
node(46,26251,1333).
node(47,26895,1565).
node(49,27405,1829).
node(50,27617,1998).
node(51,27782,2183).
node(52,27912,2395).
node(53,27961,2576).
node(54,10634,810).
node(55,10217,868).
node(56,9712,929).
node(57,9045,1011).
node(58,8367,1124).
node(59,7676,1272).
node(60,7049,1481).
node(61,6614,1732).
node(62,6364,1964).
node(63,6178,2228).
node(64,6073,2489).
node(65,6022,6323).
node(66,6058,6492).
node(67,6111,6636).
node(68,6223,6884).
node(69,6348,7090).
node(70,6558,7269).
node(71,6853,7378).
node(72,27643,6971).
node(73,27771,6798).
node(74,27872,6616).
node(75,27940,6406).
node(76,12636,11660).
node(77,13011,11614).
node(78,13382,11560).
node(79,13839,11495).
node(80,14378,11406).
node(81,15021,11260).
node(82,21986,11656).
node(83,21274,11588).
node(84,20599,11487).
node(85,20020,11358).
node(86,10871,12303).
node(87,10690,11833).
node(88,10262,11398).
node(89,9537,10867).
node(90,10429,10213).
node(91,9733,10112).
node(92,8862,9885).
node(93,8240,9468).
node(94,7746,8858).
node(95,7459,8135).
node(96,11726,10529).
node(97,10562,10272).
node(98,7737,9724).
node(99,7255,9625).
node(100,6725,9320).
node(101,8455,9743).
node(102,26400,10408).
node(103,27017,9991).
node(104,27463,9658).
node(105,27753,9162).
node(106,26512,9896).
node(107,26812,9782).
node(108,26437,9867).
node(109,27091,9687).
node(110,27325,9590).
node(111,27482,9484).
node(112,27619,9361).
node(113,26169,9999).
node(114,10283,11584).
node(115,10711,11645).
node(116,24142,11477).
node(117,23464,11606).
node(118,16552,10693).
node(119,16159,11443).
node(120,15962,12171).
node(121,15840,12886).
node(122,15590,11316).
node(123,15064,11907).
node(124,14846,12303).
node(125,14679,12950).
node(148,15303,12319).
node(149,15646,12704).
node(150,16169,13311).
node(151,16488,13892).
node(152,16733,14710).
node(153,15776,9099).
node(154,16637,10059).
node(155,17285,11242).
node(156,17838,12562).
node(157,17673,10329).
node(158,18263,11189).
node(159,18689,11971).
node(160,18976,12710).
node(161,21229,11744).
node(162,21931,11939).
node(163,22510,12076).
node(164,23203,12290).
node(165,23679,12541).
node(166,24200,13021).
node(167,24556,13512).
node(168,24801,14473).
node(169,22521,12219).
node(170,22866,12419).
node(171,23211,12762).
node(172,23482,13238).
node(173,23674,14589).
node(174,21335,11923).
node(175,21814,12245).
node(176,22244,12747).
node(177,22510,13169).
node(178,20392,11651).
node(179,20729,11907).
node(180,21035,12205).
node(181,21234,12593).
node(182,21383,13095).
node(183,19263,11234).
node(184,19773,11897).
node(185,20124,12710).
node(186,8599,7657).
node(187,7847,7594).
node(188,7299,7515).
node(189,25805,7594).
node(190,26639,7420).
node(191,27267,7214).
node(192,3170,0).
node(193,3170,2751).
node(194,3170,4738).
node(195,3170,7718).
node(196,5495,7671).
node(197,5003,7594).
node(199,4153,7309).
node(200,3799,7093).
node(201,3512,6784).
node(202,3390,6422).
node(203,3294,5873).
node(204,3225,5316).
node(205,5947,9151).
node(206,5885,8882).
node(207,5747,8642).
node(208,5569,8412).
node(209,5311,8191).
node(210,4969,7985).
node(211,4591,7816).
node(212,4182,7615).
node(213,3890,7409).
node(214,3704,7190).
node(215,3539,6910).
node(216,7477,6451).
node(217,7530,6699).
node(218,7607,7005).
node(219,7730,7240).
node(220,7894,7404).
node(221,8067,7523).
node(222,26746,6462).
node(223,26701,6732).
node(224,26659,6967).
node(225,26577,7210).
node(226,26342,7438).
node(227,7488,2378).
node(228,7578,2056).
node(229,7690,1726).
node(230,7886,1396).
node(231,8102,1222).
node(232,26755,2554).
node(233,26695,2328).
node(234,26592,2085).
node(235,26452,1848).
node(236,26285,1618).
node(237,26036,1363).
node(238,8968,11382).
node(239,9696,11513).
node(240,3170,9705).
node(241,3170,11691).
node(242,3170,13678).
node(243,5721,8733).
node(244,5859,8486).
node(245,5939,8125).
node(246,5081,11223).
node(247,5295,11028).
node(248,5442,10780).
node(249,5567,10510).
node(250,5681,10102).
node(251,5777,9613).
node(252,5841,8993).
node(253,5915,8463).
node(254,3628,13605).
node(255,4135,13499).
node(256,4499,13343).
node(257,4785,13127).
node(258,5017,12868).
node(259,5263,12535).
node(260,5467,12049).
node(261,5584,11372).
node(262,5692,10595).
node(263,7369,8149).
node(264,7283,8457).
node(265,7098,8741).
node(266,6853,8981).
node(267,7126,8879).
node(268,6912,9198).
node(269,6698,9485).
node(270,6438,9808).
node(271,6077,10237).
node(272,5609,10733).
node(273,5677,11850).
node(274,6184,10893).
node(275,6602,10028).
node(276,9443,11747).
node(277,8686,11811).
node(278,7919,11896).
node(279,7112,12024).
node(280,6484,12120).
node(281,5802,12279).
node(282,5388,12488).
node(283,5570,10173).
node(284,5918,10453).
node(285,6147,10677).
node(286,6446,10934).
node(287,6819,11170).
node(288,7275,11405).
node(289,7980,11581).
node(290,0,12188).
node(291,0,10698).
node(292,0,9208).
node(293,0,7718).
node(294,3170,12188).
node(295,3170,10698).
node(296,3170,9208).
node(297,3626,12081).
node(298,4059,11895).
node(299,4549,11626).
node(300,3548,10634).
node(301,3926,10543).
node(302,4487,10347).
node(303,4878,10129).
node(304,5310,9782).
node(305,5618,9433).
node(306,5159,10064).
node(307,5694,9808).
node(308,6134,9549).
node(309,6525,9269).
node(310,5508,8855).
node(311,5164,8969).
node(312,4601,9078).
node(313,3960,9161).
node(314,7323,8161).
node(315,7220,8399).
node(316,7022,8560).
node(317,6804,8643).
node(318,6468,8733).
node(319,6048,8829).
node(320,5553,8928).
node(321,0,6228).
node(322,3170,6228).
node(323,3608,12221).
node(324,4028,12315).
node(325,4372,12449).
node(326,4685,12615).
node(327,4938,12806).
node(328,5172,12983).
node(329,5589,13151).
node(330,6059,13309).
node(331,6658,13443).
node(332,8199,13594).
node(333,3566,10753).
node(334,4059,10906).
node(335,4544,11170).
node(336,5060,11527).
node(337,5399,11802).
node(338,5699,12141).
node(339,6061,12537).
node(340,6457,12760).
node(341,7036,13045).
node(342,7693,13324).
node(343,8684,13521).
node(344,3905,9319).
node(345,4471,9492).
node(346,4852,9655).
node(347,5261,9922).
node(348,3861,7866).
node(349,4455,8156).
node(350,5008,8601).
node(351,5529,9124).
node(352,5879,9523).
node(353,6108,9974).
node(354,6322,10424).
node(355,6585,10885).
node(356,3598,6297).
node(357,4221,6447).
node(358,4841,6654).
node(359,5488,6908).
node(360,6090,7131).
node(361,24637,11538).
node(362,25179,11325).
node(363,25010,11439).
node(364,25084,11214).
node(365,25213,10852).
node(366,25417,10414).
node(367,10000,9208).
node(368,11150,9208).
node(369,12300,9208).
node(370,13450,9208).
node(371,14600,9208).
node(372,15750,9208).
node(373,16900,9208).
node(374,18050,9208).
node(375,19200,9208).
node(376,20350,9208).
node(377,21500,9208).
node(378,22650,9208).
node(379,23800,9208).
node(380,24950,9208).
node(381,6000,9208).
node(382,7500,9208).
node(383,7111,7572).
node(384,8398,8209).
node(385,9243,8597).
node(386,9979,8928).
node(387,10346,9069).
node(388,10773,9176).
node(389,11657,9142).
node(390,11208,9033).
node(391,10688,8851).
node(392,10174,8642).
node(393,9648,8423).
node(394,9102,8194).
node(395,8502,7929).
node(396,8117,7669).
node(397,7904,7497).
node(398,14116,9282).
node(399,14765,9385).
node(400,15363,9519).
node(401,15972,9667).
node(402,16379,9857).
node(403,16357,9270).
node(404,18317,9322).
node(405,26724,7501).
node(406,25822,7935).
node(407,24776,8511).
node(408,24087,8905).
node(409,23486,9098).
node(410,28000,9208).
node(411,26800,9208).
node(412,26788,765).
node(413,23150,765).
node(414,21800,765).
node(415,20450,765).
node(416,19100,765).
node(417,17750,765).
node(418,16400,765).
node(419,15050,765).
node(420,13700,765).
node(421,12440,765).
node(422,11000,765).
node(423,24500,765).
node(424,9650,765).
node(425,7431,758).
node(426,26788,2751).
node(427,24500,2751).
node(428,23150,2751).
node(429,21800,2751).
node(430,20450,2751).
node(431,19100,2751).
node(432,17750,2751).
node(433,16400,2751).
node(434,15050,2751).
node(435,13700,2751).
node(436,12350,2751).
node(437,11000,2751).
node(438,7431,2744).
node(439,7431,3887).
node(440,11000,3894).
node(441,9650,3894).
node(442,12350,3894).
node(443,13700,3894).
node(444,15050,3894).
node(445,16400,3894).
node(446,17750,3894).
node(447,19100,3894).
node(448,20450,3894).
node(449,21800,3894).
node(450,23150,3894).
node(451,24500,3894).
node(452,26788,3894).
node(453,20450,5036).
node(454,21800,5036).
node(455,23150,5036).
node(456,24500,5036).
node(457,26788,5036).
node(458,19100,5036).
node(459,17750,5036).
node(460,16400,5036).
node(461,15050,5036).
node(462,13700,5036).
node(463,12350,5036).
node(464,11000,5036).
node(465,9650,5036).
node(466,7431,5029).
node(467,7431,6171).
node(468,9650,6178).
node(469,11000,6178).
node(470,12350,6178).
node(471,13700,6178).
node(472,15050,6178).
node(473,16400,6178).
node(474,19100,6178).
node(475,20450,6178).
node(476,21800,6178).
node(477,23150,6178).
node(478,24500,6178).
node(479,26788,6178).
node(480,17750,6178).
node(481,9650,2751).
node(482,6000,765).
node(483,6000,2751).
node(484,6000,3894).
node(485,6000,5036).
node(486,6000,6178).
node(487,28000,765).
node(488,28000,2751).
node(489,28000,5036).
node(490,28000,6178).
node(491,28000,3894).
node(492,28000,7718).
node(493,26788,7718).
node(494,9650,7718).
node(495,7431,7711).
node(496,6000,7718).
node(497,24500,7718).
node(502,14600,19638).
node(503,15750,19638).
node(504,16900,19638).
node(505,18050,19638).
node(506,19200,19638).
node(507,20350,19638).
node(508,21500,19638).
node(509,22650,19638).
node(510,23800,19638).
node(511,24950,19638).
node(512,24953,17758).
node(513,23803,17758).
node(514,22653,17758).
node(515,21503,17758).
node(516,20353,17758).
node(517,19203,17758).
node(518,18053,17758).
node(519,16903,17758).
node(520,15753,17758).
node(521,14603,17758).
node(530,14600,15664).
node(531,15750,15664).
node(532,16900,15664).
node(533,18050,15664).
node(534,19200,15664).
node(535,20350,15664).
node(536,21500,15664).
node(537,22650,15664).
node(538,23800,15664).
node(539,24950,15664).
node(540,24950,13678).
node(541,23800,13678).
node(542,22650,13678).
node(543,21500,13678).
node(544,20350,13678).
node(545,19200,13678).
node(546,18050,13678).
node(547,16900,13678).
node(548,15750,13678).
node(549,14600,13678).
node(550,13450,13678).
node(551,12300,13678).
node(552,11150,13678).
node(553,10000,13678).
node(554,10000,11691).
node(555,11150,11691).
node(556,12300,11691).
node(557,13450,11691).
node(558,14600,11691).
node(559,15750,11691).
node(560,16900,11691).
node(561,18050,11691).
node(562,19200,11691).
node(563,20350,11691).
node(564,21500,11691).
node(565,23800,11691).
node(566,6194,8759).
node(567,6475,9544).
node(568,6957,10378).
node(569,7842,11004).
node(570,8599,11415).
node(571,9148,11591).
node(572,7197,10468).
node(573,8061,11007).
node(574,27883,8686).
node(575,27697,9566).
node(576,27417,10226).
node(577,27056,10782).
node(578,26529,11195).
node(579,25692,11535).
node(580,24864,11280).
node(581,25813,10805).
node(582,24270,10701).
node(583,26097,9934).
node(584,0,13678).
node(585,6000,9705).
node(586,6000,11691).
node(587,6000,13678).
node(588,9405,11178).
node(589,8988,10707).
node(590,8455,10047).
node(591,7886,9249).
node(592,7528,8560).
node(593,25532,11029).
node(594,25948,10304).
node(595,26350,9517).
node(596,26606,8741).
node(597,28000,11691).
node(598,12208,13158).
node(599,12069,12715).
node(600,11828,12164).
node(601,11595,11802).
node(602,11222,11439).
node(603,10697,10873).
node(604,10127,10503).
node(605,9324,10170).
node(606,8464,9851).
node(607,13329,13147).
node(608,13161,12723).
node(609,12935,12298).
node(610,12621,11856).
node(611,12011,11229).
node(612,11325,10670).
node(613,9981,10090).
node(614,9063,9841).
node(615,14486,13158).
node(616,14252,12679).
node(617,13946,12331).
node(618,13595,12005).
node(619,12865,11316).
node(620,12219,10882).
node(621,11524,10571).
node(622,11040,13005).
node(623,10879,12599).
node(624,10682,12164).
node(625,10376,11816).
node(626,9872,11461).
node(627,9047,11098).
node(628,8541,10879).
node(629,7916,10646).
node(630,7373,10397).
node(631,6913,9975).
node(632,6540,9478).
node(633,6293,8925).
node(634,6136,8315).
node(635,15654,13114).
node(636,15413,12621).
node(637,15128,12266).
node(638,14829,11947).
node(639,14201,11468).
node(640,13705,11214).
node(641,12807,10808).
node(642,25021,13230).
node(643,25120,12839).
node(644,25262,12476).
node(645,25434,12226).
node(646,25700,11939).
node(647,26222,11642).
node(648,26649,11395).
node(649,27007,11055).
node(650,27292,10710).
node(651,27525,10297).
node(652,27726,9822).
node(653,27869,9260).
node(654,27934,8759).
node(655,23857,13187).
node(656,23919,12810).
node(657,24036,12411).
node(658,24240,11961).
node(659,24437,11555).
node(660,24861,11026).
node(661,25277,10685).
node(662,25753,10311).
node(663,26206,10045).
node(664,22743,13172).
node(665,22816,12875).
node(666,22915,12581).
node(667,23032,12273).
node(668,23185,11957).
node(669,23364,11617).
node(670,23572,11274).
node(671,23806,11031).
node(672,24291,10804).
node(673,24707,10612).
node(674,25342,10329).
node(675,25843,10117).
node(676,21604,13183).
node(677,21718,12875).
node(678,21838,12625).
node(679,22024,12389).
node(680,22258,12175).
node(681,22510,11939).
node(682,22736,11744).
node(683,23085,11501).
node(684,23412,11262).
node(685,20411,13375).
node(686,20462,13100).
node(687,20546,12878).
node(688,20637,12672).
node(689,20776,12393).
node(690,20929,12164).
node(691,21174,11899).
node(692,21557,11609).
node(693,21944,11356).
node(694,22382,11145).
node(695,23057,10862).
node(696,23667,10663).
node(697,24390,10442).
node(698,25267,10161).
node(699,25708,10034).
node(700,19268,13252).
node(701,19378,12911).
node(702,19502,12614).
node(703,19772,12266).
node(704,20155,11994).
node(705,20531,11791).
node(706,21112,11540).
node(707,21805,11298).
node(708,18158,13205).
node(709,18282,12889).
node(710,18447,12549).
node(711,18794,12092).
node(712,19064,11910).
node(713,19365,11753).
node(714,19850,11573).
node(715,20433,11394).
node(716,20991,11261).
node(717,21621,11122).
node(718,22269,10993).
node(719,22908,10844).
node(720,16990,13169).
node(721,17092,12842).
node(722,17308,12530).
node(723,17687,12197).
node(724,18133,11867).
node(725,18830,11544).
node(726,19750,11319).
node(727,20739,11174).
node(728,21783,11022).
node(729,9865,13107).
node(730,9711,12657).
node(731,9441,12244).
node(732,8930,11831).
node(733,8149,11461).
node(734,7470,11134).
node(735,6878,10692).
node(736,6477,10221).
node(737,6316,9727).
node(738,6178,9060).
node(739,9879,12853).
node(740,9813,12447).
node(741,9660,11910).
node(742,9448,11388).
node(743,25018,12886).
node(744,25087,12520).
node(745,25196,11947).
node(746,25342,11511).
node(747,22650,11691).
node(752,27160,1676).
node(778,4512,7467).
node(919,24950,11691).
edge(1,2,320).
edge(2,1,320).
edge(1,493,252).
edge(493,1,252).
edge(2,3,281).
edge(3,2,281).
edge(3,4,626).
edge(4,3,626).
edge(4,5,639).
edge(5,4,639).
edge(5,6,489).
edge(6,5,489).
edge(6,7,469).
edge(7,6,469).
edge(6,366,480).
edge(366,6,480).
edge(7,8,440).
edge(8,7,440).
edge(8,9,652).
edge(9,8,652).
edge(8,15,362).
edge(15,8,362).
edge(9,10,399).
edge(10,9,399).
edge(9,696,619).
edge(696,9,619).
edge(10,11,403).
edge(11,10,403).
edge(11,12,446).
edge(12,11,446).
edge(12,13,271).
edge(13,12,271).
edge(13,14,260).
edge(14,13,260).
edge(14,747,344).
edge(747,14,344).
edge(15,582,343).
edge(582,15,343).
edge(16,17,415).
edge(17,16,415).
edge(16,557,328).
edge(557,16,328).
edge(17,18,420).
edge(18,17,420).
edge(18,19,488).
edge(19,18,488).
edge(19,20,710).
edge(20,19,710).
edge(20,21,813).
edge(21,20,813).
edge(20,81,717).
edge(81,20,717).
edge(21,22,862).
edge(22,21,862).
edge(21,122,1080).
edge(122,21,1080).
edge(22,23,828).
edge(23,22,828).
edge(22,118,815).
edge(118,22,815).
edge(23,24,935).
edge(24,23,935).
edge(23,404,640).
edge(404,23,640).
edge(24,25,964).
edge(25,24,964).
edge(25,26,1259).
edge(26,25,1259).
edge(26,27,1351).
edge(27,26,1351).
edge(27,28,1439).
edge(28,27,1439).
edge(28,497,1172).
edge(497,28,1172).
edge(29,30,518).
edge(30,29,518).
edge(29,564,386).
edge(564,29,386).
edge(30,31,406).
edge(31,30,406).
edge(30,161,643).
edge(161,30,643).
edge(30,174,799).
edge(174,30,799).
edge(31,32,407).
edge(32,31,407).
edge(32,33,616).
edge(33,32,616).
edge(32,178,634).
edge(178,32,634).
edge(33,34,603).
edge(34,33,603).
edge(33,85,791).
edge(85,33,791).
edge(34,35,611).
edge(35,34,611).
edge(34,183,677).
edge(183,34,677).
edge(35,36,605).
edge(36,35,605).
edge(36,37,1090).
edge(37,36,1090).
edge(37,38,1169).
edge(38,37,1169).
edge(37,157,1195).
edge(157,37,1195).
edge(37,403,564).
edge(403,37,564).
edge(38,39,1391).
edge(39,38,1391).
edge(39,40,1470).
edge(40,39,1470).
edge(39,153,1396).
edge(153,39,1396).
edge(40,41,1485).
edge(41,40,1485).
edge(41,494,1987).
edge(494,41,1987).
edge(42,43,632).
edge(43,42,632).
edge(42,413,372).
edge(413,42,372).
edge(43,44,776).
edge(44,43,776).
edge(44,45,592).
edge(45,44,592).
edge(45,46,785).
edge(46,45,785).
edge(45,237,587).
edge(237,45,587).
edge(46,47,684).
edge(47,46,684).
edge(47,752,288).
edge(752,47,288).
edge(49,50,272).
edge(50,49,272).
edge(49,752,288).
edge(752,49,288).
edge(50,51,248).
edge(51,50,248).
edge(51,52,249).
edge(52,51,249).
edge(52,53,187).
edge(53,52,187).
edge(53,488,179).
edge(488,53,179).
edge(54,55,421).
edge(55,54,421).
edge(54,422,369).
edge(422,54,369).
edge(55,56,509).
edge(56,55,509).
edge(56,57,672).
edge(57,56,672).
edge(57,58,687).
edge(58,57,687).
edge(58,59,707).
edge(59,58,707).
edge(58,231,283).
edge(231,58,283).
edge(59,60,661).
edge(60,59,661).
edge(60,61,503).
edge(61,60,503).
edge(61,62,341).
edge(62,61,341).
edge(62,63,323).
edge(63,62,323).
edge(63,64,282).
edge(64,63,282).
edge(64,483,272).
edge(483,64,272).
edge(65,66,173).
edge(66,65,173).
edge(65,486,146).
edge(486,65,146).
edge(66,67,153).
edge(67,66,153).
edge(67,68,272).
edge(68,67,272).
edge(68,69,241).
edge(69,68,241).
edge(69,70,276).
edge(70,69,276).
edge(70,71,314).
edge(71,70,314).
edge(70,383,631).
edge(383,70,631).
edge(70,360,488).
edge(360,70,488).
edge(71,188,467).
edge(188,71,467).
edge(72,73,216).
edge(73,72,216).
edge(72,191,448).
edge(191,72,448).
edge(73,74,208).
edge(74,73,208).
edge(74,75,221).
edge(75,74,221).
edge(75,490,236).
edge(490,75,236).
edge(76,77,378).
edge(77,76,378).
edge(76,556,338).
edge(556,76,338).
edge(77,78,375).
edge(78,77,375).
edge(78,79,462).
edge(79,78,462).
edge(79,80,547).
edge(80,79,547).
edge(80,81,659).
edge(81,80,659).
edge(82,83,715).
edge(83,82,715).
edge(82,747,665).
edge(747,82,665).
edge(83,84,682).
edge(84,83,682).
edge(84,85,594).
edge(85,84,594).
edge(86,87,503).
edge(87,86,503).
edge(86,622,722).
edge(622,86,722).
edge(87,88,611).
edge(88,87,611).
edge(88,89,899).
edge(89,88,899).
edge(89,590,1357).
edge(590,89,1357).
edge(90,91,703).
edge(91,90,703).
edge(90,96,1335).
edge(96,90,1335).
edge(90,621,1152).
edge(621,90,1152).
edge(91,92,901).
edge(92,91,901).
edge(91,97,844).
edge(97,91,844).
edge(92,93,749).
edge(93,92,749).
edge(93,94,785).
edge(94,93,785).
edge(94,95,778).
edge(95,94,778).
edge(95,495,425).
edge(495,95,425).
edge(96,641,1116).
edge(641,96,1116).
edge(97,612,860).
edge(612,97,860).
edge(98,99,491).
edge(99,98,491).
edge(98,101,719).
edge(101,98,719).
edge(98,606,739).
edge(606,98,739).
edge(99,100,612).
edge(100,99,612).
edge(100,633,586).
edge(633,100,586).
edge(101,614,616).
edge(614,101,616).
edge(102,103,744).
edge(103,102,744).
edge(102,581,709).
edge(581,102,709).
edge(103,104,557).
edge(104,103,557).
edge(104,105,575).
edge(105,104,575).
edge(105,574,493).
edge(574,105,493).
edge(105,112,240).
edge(112,105,240).
edge(106,107,321).
edge(107,106,321).
edge(106,113,358).
edge(113,106,358).
edge(106,663,340).
edge(663,106,340).
edge(107,109,295).
edge(109,107,295).
edge(107,108,384).
edge(108,107,384).
edge(108,583,347).
edge(583,108,347).
edge(109,110,253).
edge(110,109,253).
edge(110,111,189).
edge(111,110,189).
edge(111,112,184).
edge(112,111,184).
edge(113,675,347).
edge(675,113,347).
edge(114,626,430).
edge(626,114,430).
edge(114,115,432).
edge(115,114,432).
edge(114,239,591).
edge(239,114,591).
edge(115,555,441).
edge(555,115,441).
edge(116,117,690).
edge(117,116,690).
edge(116,580,749).
edge(580,116,749).
edge(117,747,818).
edge(747,117,818).
edge(118,119,847).
edge(119,118,847).
edge(119,120,755).
edge(120,119,755).
edge(120,121,726).
edge(121,120,726).
edge(121,548,796).
edge(548,121,796).
edge(122,123,791).
edge(123,122,791).
edge(123,124,452).
edge(124,123,452).
edge(124,125,668).
edge(125,124,668).
edge(125,549,732).
edge(549,125,732).
edge(148,149,516).
edge(149,148,516).
edge(148,638,603).
edge(638,148,603).
edge(149,150,802).
edge(150,149,802).
edge(150,151,663).
edge(151,150,663).
edge(151,152,854).
edge(152,151,854).
edge(152,532,969).
edge(532,152,969).
edge(153,154,1290).
edge(154,153,1290).
edge(154,155,1349).
edge(155,154,1349).
edge(154,402,328).
edge(402,154,328).
edge(155,156,1431).
edge(156,155,1431).
edge(156,546,1136).
edge(546,156,1136).
edge(157,158,1043).
edge(158,157,1043).
edge(158,159,890).
edge(159,158,890).
edge(159,160,793).
edge(160,159,793).
edge(160,545,994).
edge(545,160,994).
edge(161,162,728).
edge(162,161,728).
edge(162,163,595).
edge(163,162,595).
edge(162,169,653).
edge(169,162,653).
edge(163,164,726).
edge(164,163,726).
edge(164,165,538).
edge(165,164,538).
edge(165,166,709).
edge(166,165,709).
edge(166,167,607).
edge(167,166,607).
edge(167,168,991).
edge(168,167,991).
edge(168,539,1201).
edge(539,168,1201).
edge(169,170,399).
edge(170,169,399).
edge(170,171,487).
edge(171,170,487).
edge(171,172,547).
edge(172,171,547).
edge(172,173,1365).
edge(173,172,1365).
edge(173,538,1083).
edge(538,173,1083).
edge(174,175,577).
edge(175,174,577).
edge(175,176,661).
edge(176,175,661).
edge(176,177,499).
edge(177,176,499).
edge(177,542,528).
edge(542,177,528).
edge(178,179,424).
edge(179,178,424).
edge(179,180,427).
edge(180,179,427).
edge(180,181,436).
edge(181,180,436).
edge(181,182,523).
edge(182,181,523).
edge(182,543,594).
edge(543,182,594).
edge(183,184,836).
edge(184,183,836).
edge(184,185,885).
edge(185,184,885).
edge(185,544,994).
edge(544,185,994).
edge(186,187,755).
edge(187,186,755).
edge(186,221,548).
edge(221,186,548).
edge(186,494,1053).
edge(494,186,1053).
edge(187,188,553).
edge(188,187,553).
edge(189,190,852).
edge(190,189,852).
edge(189,226,559).
edge(226,189,559).
edge(189,497,1311).
edge(497,189,1311).
edge(190,191,660).
edge(191,190,660).
edge(191,405,613).
edge(405,191,613).
edge(192,193,2751).
edge(193,192,2751).
edge(193,194,1987).
edge(194,193,1987).
edge(194,322,1490).
edge(322,194,1490).
edge(194,204,581).
edge(204,194,581).
edge(195,348,707).
edge(348,195,707).
edge(195,293,3170).
edge(293,195,3170).
edge(195,296,1490).
edge(296,195,1490).
edge(195,322,1490).
edge(322,195,1490).
edge(195,496,2830).
edge(496,195,2830).
edge(196,197,498).
edge(197,196,498).
edge(196,496,507).
edge(496,196,507).
edge(197,778,508).
edge(778,197,508).
edge(199,200,414).
edge(200,199,414).
edge(199,778,392).
edge(778,199,392).
edge(200,201,422).
edge(201,200,422).
edge(201,202,382).
edge(202,201,382).
edge(202,203,557).
edge(203,202,557).
edge(202,215,510).
edge(215,202,510).
edge(203,204,561).
edge(204,203,561).
edge(205,206,276).
edge(206,205,276).
edge(205,585,556).
edge(585,205,556).
edge(206,207,277).
edge(207,206,277).
edge(207,208,291).
edge(208,207,291).
edge(208,209,340).
edge(209,208,340).
edge(209,210,400).
edge(210,209,400).
edge(210,211,413).
edge(211,210,413).
edge(211,212,456).
edge(212,211,456).
edge(212,213,358).
edge(213,212,358).
edge(213,214,287).
edge(214,213,287).
edge(214,215,325).
edge(215,214,325).
edge(216,217,254).
edge(217,216,254).
edge(216,467,284).
edge(467,216,284).
edge(217,218,316).
edge(218,217,316).
edge(218,219,265).
edge(219,218,265).
edge(219,220,232).
edge(220,219,232).
edge(219,397,310).
edge(397,219,310).
edge(220,221,210).
edge(221,220,210).
edge(222,223,274).
edge(223,222,274).
edge(222,479,287).
edge(479,222,287).
edge(223,224,239).
edge(224,223,239).
edge(224,225,256).
edge(225,224,256).
edge(225,226,328).
edge(226,225,328).
edge(227,228,334).
edge(228,227,334).
edge(227,438,370).
edge(438,227,370).
edge(228,229,348).
edge(229,228,348).
edge(229,230,384).
edge(230,229,384).
edge(230,231,277).
edge(231,230,277).
edge(232,233,233).
edge(233,232,233).
edge(232,426,200).
edge(426,232,200).
edge(233,234,264).
edge(234,233,264).
edge(234,235,275).
edge(235,234,275).
edge(235,236,284).
edge(236,235,284).
edge(236,237,356).
edge(237,236,356).
edge(238,239,740).
edge(239,238,740).
edge(238,573,981).
edge(573,238,981).
edge(240,296,497).
edge(296,240,497).
edge(240,295,993).
edge(295,240,993).
edge(240,585,2830).
edge(585,240,2830).
edge(241,295,993).
edge(295,241,993).
edge(241,294,497).
edge(294,241,497).
edge(241,586,2830).
edge(586,241,2830).
edge(242,587,2830).
edge(587,242,2830).
edge(242,254,464).
edge(254,242,464).
edge(242,294,1490).
edge(294,242,1490).
edge(242,584,3170).
edge(584,242,3170).
edge(243,244,283).
edge(244,243,283).
edge(243,310,245).
edge(310,243,245).
edge(244,245,369).
edge(245,244,369).
edge(245,496,411).
edge(496,245,411).
edge(246,247,290).
edge(247,246,290).
edge(246,299,667).
edge(299,246,667).
edge(247,248,288).
edge(248,247,288).
edge(247,272,430).
edge(272,247,430).
edge(248,249,297).
edge(249,248,297).
edge(249,250,423).
edge(250,249,423).
edge(250,251,499).
edge(251,250,499).
edge(251,252,624).
edge(252,251,624).
edge(251,262,986).
edge(262,251,986).
edge(252,253,535).
edge(253,252,535).
edge(252,305,493).
edge(305,252,493).
edge(253,496,749).
edge(496,253,749).
edge(254,255,518).
edge(255,254,518).
edge(255,256,396).
edge(256,255,396).
edge(256,257,358).
edge(257,256,358).
edge(257,258,348).
edge(258,257,348).
edge(258,259,414).
edge(259,258,414).
edge(258,282,531).
edge(282,258,531).
edge(259,260,527).
edge(260,259,527).
edge(259,273,800).
edge(273,259,800).
edge(260,261,687).
edge(261,260,687).
edge(261,262,784).
edge(262,261,784).
edge(263,264,320).
edge(264,263,320).
edge(263,495,442).
edge(495,263,442).
edge(264,267,450).
edge(267,264,450).
edge(264,265,339).
edge(265,264,339).
edge(265,266,343).
edge(266,265,343).
edge(266,309,437).
edge(309,266,437).
edge(267,268,384).
edge(268,267,384).
edge(267,275,1263).
edge(275,267,1263).
edge(268,269,358).
edge(269,268,358).
edge(269,270,415).
edge(270,269,415).
edge(270,271,560).
edge(271,270,560).
edge(271,272,682).
edge(272,271,682).
edge(273,274,1083).
edge(274,273,1083).
edge(274,275,961).
edge(275,274,961).
edge(276,277,759).
edge(277,276,759).
edge(276,554,560).
edge(554,276,560).
edge(277,278,772).
edge(278,277,772).
edge(278,279,817).
edge(279,278,817).
edge(279,280,635).
edge(280,279,635).
edge(280,281,700).
edge(281,280,700).
edge(281,282,464).
edge(282,281,464).
edge(283,284,447).
edge(284,283,447).
edge(283,347,399).
edge(347,283,399).
edge(284,285,319).
edge(285,284,319).
edge(285,286,395).
edge(286,285,395).
edge(286,287,441).
edge(287,286,441).
edge(287,288,513).
edge(288,287,513).
edge(287,355,368).
edge(355,287,368).
edge(288,289,726).
edge(289,288,726).
edge(289,554,2024).
edge(554,289,2024).
edge(290,294,3170).
edge(294,290,3170).
edge(291,295,3170).
edge(295,291,3170).
edge(292,296,3170).
edge(296,292,3170).
edge(294,297,469).
edge(297,294,469).
edge(294,323,439).
edge(323,294,439).
edge(295,333,400).
edge(333,295,400).
edge(295,300,384).
edge(300,295,384).
edge(296,313,791).
edge(313,296,791).
edge(296,344,744).
edge(344,296,744).
edge(296,381,2830).
edge(381,296,2830).
edge(297,298,471).
edge(298,297,471).
edge(298,299,559).
edge(299,298,559).
edge(300,301,389).
edge(301,300,389).
edge(301,302,594).
edge(302,301,594).
edge(302,306,729).
edge(306,302,729).
edge(302,303,447).
edge(303,302,447).
edge(303,304,555).
edge(304,303,555).
edge(304,305,466).
edge(305,304,466).
edge(306,307,593).
edge(307,306,593).
edge(307,308,511).
edge(308,307,511).
edge(308,309,481).
edge(309,308,481).
edge(310,311,362).
edge(311,310,362).
edge(311,312,573).
edge(312,311,573).
edge(312,313,647).
edge(313,312,647).
edge(312,320,963).
edge(320,312,963).
edge(314,315,260).
edge(315,314,260).
edge(314,495,463).
edge(495,314,463).
edge(315,316,255).
edge(316,315,255).
edge(316,317,233).
edge(317,316,233).
edge(317,318,348).
edge(318,317,348).
edge(318,319,430).
edge(319,318,430).
edge(319,320,505).
edge(320,319,505).
edge(321,322,3170).
edge(322,321,3170).
edge(322,486,2830).
edge(486,322,2830).
edge(322,356,433).
edge(356,322,433).
edge(323,324,430).
edge(324,323,430).
edge(324,325,370).
edge(325,324,370).
edge(325,326,354).
edge(326,325,354).
edge(326,327,317).
edge(327,326,317).
edge(327,328,293).
edge(328,327,293).
edge(328,329,450).
edge(329,328,450).
edge(329,330,495).
edge(330,329,495).
edge(330,331,614).
edge(331,330,614).
edge(331,332,1548).
edge(332,331,1548).
edge(332,553,1803).
edge(553,332,1803).
edge(333,334,516).
edge(334,333,516).
edge(334,335,552).
edge(335,334,552).
edge(335,336,628).
edge(336,335,628).
edge(336,337,436).
edge(337,336,436).
edge(337,338,453).
edge(338,337,453).
edge(338,339,537).
edge(339,338,537).
edge(339,340,455).
edge(340,339,455).
edge(340,341,645).
edge(341,340,645).
edge(341,342,714).
edge(342,341,714).
edge(342,343,1010).
edge(343,342,1010).
edge(343,553,1326).
edge(553,343,1326).
edge(344,345,592).
edge(345,344,592).
edge(345,346,414).
edge(346,345,414).
edge(346,347,488).
edge(347,346,488).
edge(348,349,661).
edge(349,348,661).
edge(349,350,710).
edge(350,349,710).
edge(350,351,739).
edge(351,350,739).
edge(351,352,530).
edge(352,351,530).
edge(352,353,506).
edge(353,352,506).
edge(353,354,499).
edge(354,353,499).
edge(354,355,531).
edge(355,354,531).
edge(356,357,641).
edge(357,356,641).
edge(357,358,654).
edge(358,357,654).
edge(358,359,695).
edge(359,358,695).
edge(359,360,642).
edge(360,359,642).
edge(361,362,582).
edge(362,361,582).
edge(361,565,851).
edge(565,361,851).
edge(362,593,461).
edge(593,362,461).
edge(363,364,237).
edge(364,363,237).
edge(363,919,259).
edge(919,363,259).
edge(364,365,385).
edge(365,364,385).
edge(365,366,483).
edge(366,365,483).
edge(367,368,1150).
edge(368,367,1150).
edge(367,382,2500).
edge(382,367,2500).
edge(367,554,2483).
edge(554,367,2483).
edge(368,369,1150).
edge(369,368,1150).
edge(368,388,378).
edge(388,368,378).
edge(369,370,1150).
edge(370,369,1150).
edge(369,389,647).
edge(389,369,647).
edge(370,371,1150).
edge(371,370,1150).
edge(370,398,670).
edge(398,370,670).
edge(370,557,2483).
edge(557,370,2483).
edge(371,372,1150).
edge(372,371,1150).
edge(372,373,1150).
edge(373,372,1150).
edge(372,403,611).
edge(403,372,611).
edge(373,374,1150).
edge(374,373,1150).
edge(373,560,2483).
edge(560,373,2483).
edge(374,375,1150).
edge(375,374,1150).
edge(375,376,1150).
edge(376,375,1150).
edge(375,404,890).
edge(404,375,890).
edge(376,377,1150).
edge(377,376,1150).
edge(376,563,2483).
edge(563,376,2483).
edge(377,378,1150).
edge(378,377,1150).
edge(378,379,1150).
edge(379,378,1150).
edge(378,409,843).
edge(409,378,843).
edge(379,380,1150).
edge(380,379,1150).
edge(379,565,2483).
edge(565,379,2483).
edge(380,411,1850).
edge(411,380,1850).
edge(381,382,1500).
edge(382,381,1500).
edge(383,384,1436).
edge(384,383,1436).
edge(384,385,930).
edge(385,384,930).
edge(385,386,807).
edge(386,385,807).
edge(386,387,394).
edge(387,386,394).
edge(387,388,440).
edge(388,387,440).
edge(389,390,461).
edge(390,389,461).
edge(390,391,551).
edge(391,390,551).
edge(391,392,555).
edge(392,391,555).
edge(392,393,570).
edge(393,392,570).
edge(393,394,592).
edge(394,393,592).
edge(394,395,657).
edge(395,394,657).
edge(395,396,464).
edge(396,395,464).
edge(396,397,274).
edge(397,396,274).
edge(398,399,657).
edge(399,398,657).
edge(399,400,613).
edge(400,399,613).
edge(400,401,627).
edge(401,400,627).
edge(401,402,449).
edge(402,401,449).
edge(405,406,1001).
edge(406,405,1001).
edge(406,407,1194).
edge(407,406,1194).
edge(407,408,794).
edge(408,407,794).
edge(408,409,631).
edge(409,408,631).
edge(410,597,2483).
edge(597,410,2483).
edge(410,411,1200).
edge(411,410,1200).
edge(410,492,1490).
edge(492,410,1490).
edge(412,423,2288).
edge(423,412,2288).
edge(412,426,1987).
edge(426,412,1987).
edge(412,487,1212).
edge(487,412,1212).
edge(413,423,1350).
edge(423,413,1350).
edge(413,414,1350).
edge(414,413,1350).
edge(414,415,1350).
edge(415,414,1350).
edge(415,416,1350).
edge(416,415,1350).
edge(416,417,1350).
edge(417,416,1350).
edge(417,418,1350).
edge(418,417,1350).
edge(418,419,1350).
edge(419,418,1350).
edge(419,420,1350).
edge(420,419,1350).
edge(420,421,1260).
edge(421,420,1260).
edge(421,422,1440).
edge(422,421,1440).
edge(422,424,1350).
edge(424,422,1350).
edge(424,425,2219).
edge(425,424,2219).
edge(425,438,1987).
edge(438,425,1987).
edge(425,482,1431).
edge(482,425,1431).
edge(426,427,2288).
edge(427,426,2288).
edge(426,452,1142).
edge(452,426,1142).
edge(426,488,1212).
edge(488,426,1212).
edge(427,428,1350).
edge(428,427,1350).
edge(428,429,1350).
edge(429,428,1350).
edge(429,430,1350).
edge(430,429,1350).
edge(430,431,1350).
edge(431,430,1350).
edge(431,432,1350).
edge(432,431,1350).
edge(433,434,1350).
edge(434,433,1350).
edge(434,435,1350).
edge(435,434,1350).
edge(435,436,1350).
edge(436,435,1350).
edge(436,437,1350).
edge(437,436,1350).
edge(437,481,1350).
edge(481,437,1350).
edge(438,481,2219).
edge(481,438,2219).
edge(438,439,1142).
edge(439,438,1142).
edge(438,483,1431).
edge(483,438,1431).
edge(439,441,2219).
edge(441,439,2219).
edge(439,466,1142).
edge(466,439,1142).
edge(439,484,1431).
edge(484,439,1431).
edge(440,442,1350).
edge(442,440,1350).
edge(440,441,1350).
edge(441,440,1350).
edge(442,443,1350).
edge(443,442,1350).
edge(443,444,1350).
edge(444,443,1350).
edge(444,445,1350).
edge(445,444,1350).
edge(446,447,1350).
edge(447,446,1350).
edge(447,448,1350).
edge(448,447,1350).
edge(448,449,1350).
edge(449,448,1350).
edge(449,450,1350).
edge(450,449,1350).
edge(450,451,1350).
edge(451,450,1350).
edge(451,452,2288).
edge(452,451,2288).
edge(452,457,1142).
edge(457,452,1142).
edge(452,491,1212).
edge(491,452,1212).
edge(453,458,1350).
edge(458,453,1350).
edge(453,454,1350).
edge(454,453,1350).
edge(454,455,1350).
edge(455,454,1350).
edge(455,456,1350).
edge(456,455,1350).
edge(456,457,2288).
edge(457,456,2288).
edge(457,479,1142).
edge(479,457,1142).
edge(457,489,1212).
edge(489,457,1212).
edge(458,459,1350).
edge(459,458,1350).
edge(460,461,1350).
edge(461,460,1350).
edge(461,462,1350).
edge(462,461,1350).
edge(462,463,1350).
edge(463,462,1350).
