grid(431066,90010).
poss_home(-103664).
poss_home(-103794).
poss_home(-103819).
poss_home(-103785).
poss_home(-103777).
poss_home(-103775).
poss_home(-103808).
poss_home(-103798).
poss_home(-103734).
poss_home(-103805).
poss_home(-103826).
poss_home(-103807).
poss_home(-103829).
poss_home(-103828).
poss_home(-103657).
poss_home(-103795).
poss_home(-103768).
poss_home(-103705).
poss_home(-103792).
poss_home(-103778).
poss_manipulator(18).
poss_manipulator(7).
poss_manipulator(10).
poss_manipulator(20).
poss_manipulator(95).
poss_manipulator(-103956).
poss_manipulator(6).
poss_manipulator(21).
poss_manipulator(23).
poss_manipulator(28).
poss_manipulator(31).
poss_manipulator(11).
poss_manipulator(92).
poss_manipulator(9).
poss_manipulator(26).
poss_manipulator(16).
poss_manipulator(-103954).
poss_manipulator(13).
poss_manipulator(-104137).
poss_manipulator(8).
poss_manipulator(25).
poss_manipulator(2).
poss_manipulator(19).
poss_manipulator(17).
poss_manipulator(30).
poss_manipulator(14).
poss_manipulator(29).
poss_manipulator(-104075).
poss_manipulator(5).
poss_manipulator(99).
poss_manipulator(33).
poss_manipulator(22).
poss_manipulator(-104007).
poss_manipulator(1).
poss_manipulator(24).
poss_manipulator(15).
poss_manipulator(96).
poss_manipulator(3).
poss_manipulator(27).
poss_manipulator(32).
poss_manipulator(98).
poss_manipulator(4).
poss_manipulator(12).
poss_manipulator(97).
poss_empty_pallet(18).
poss_empty_pallet(7).
poss_empty_pallet(10).
poss_empty_pallet(20).
poss_empty_pallet(95).
poss_empty_pallet(-103956).
poss_empty_pallet(6).
poss_empty_pallet(21).
poss_empty_pallet(23).
poss_empty_pallet(28).
poss_empty_pallet(31).
poss_empty_pallet(11).
poss_empty_pallet(92).
poss_empty_pallet(9).
poss_empty_pallet(26).
poss_empty_pallet(16).
poss_empty_pallet(-103954).
poss_empty_pallet(13).
poss_empty_pallet(-104137).
poss_empty_pallet(8).
poss_empty_pallet(25).
poss_empty_pallet(2).
poss_empty_pallet(19).
poss_empty_pallet(17).
poss_empty_pallet(30).
poss_empty_pallet(14).
poss_empty_pallet(29).
poss_empty_pallet(-104075).
poss_empty_pallet(5).
poss_empty_pallet(99).
poss_empty_pallet(33).
poss_empty_pallet(22).
poss_empty_pallet(-104007).
poss_empty_pallet(1).
poss_empty_pallet(24).
poss_empty_pallet(15).
poss_empty_pallet(96).
poss_empty_pallet(3).
poss_empty_pallet(27).
poss_empty_pallet(32).
poss_empty_pallet(98).
poss_empty_pallet(4).
poss_empty_pallet(12).
poss_empty_pallet(97).
poss_storage(18).
poss_storage(7).
poss_storage(10).
poss_storage(20).
poss_storage(95).
poss_storage(-103956).
poss_storage(6).
poss_storage(21).
poss_storage(23).
poss_storage(28).
poss_storage(31).
poss_storage(11).
poss_storage(92).
poss_storage(9).
poss_storage(26).
poss_storage(16).
poss_storage(-103954).
poss_storage(13).
poss_storage(-104137).
poss_storage(8).
poss_storage(25).
poss_storage(2).
poss_storage(19).
poss_storage(17).
poss_storage(30).
poss_storage(14).
poss_storage(29).
poss_storage(-104075).
poss_storage(5).
poss_storage(99).
poss_storage(33).
poss_storage(22).
poss_storage(-104007).
poss_storage(1).
poss_storage(24).
poss_storage(15).
poss_storage(96).
poss_storage(3).
poss_storage(27).
poss_storage(32).
poss_storage(98).
poss_storage(4).
poss_storage(12).
poss_storage(97).
node(-103628,324293,79593).
node(-103647,61544,8107).
node(-103656,61544,9672).
node(-103657,61544,11935).
node(-103664,63044,11935).
node(-103665,63044,8107).
node(-103666,63044,9673).
node(-103705,64544,11935).
node(-103706,64544,8106).
node(-103707,64544,9673).
node(-103734,66044,11935).
node(-103735,66044,8106).
node(-103736,66044,9673).
node(-103767,164316,12525).
node(-103768,161316,14866).
node(-103769,159816,11079).
node(-103770,162816,12525).
node(-103771,161316,12525).
node(-103772,164316,11079).
node(-103773,161316,11079).
node(-103774,162816,11079).
node(-103775,164316,14866).
node(-103776,159816,12525).
node(-103777,159816,14866).
node(-103778,162816,14866).
node(-103784,294429,12540).
node(-103785,291429,14831).
node(-103786,289929,11093).
node(-103787,292929,12539).
node(-103788,291429,12539).
node(-103789,294429,11093).
node(-103790,291429,11093).
node(-103791,292929,11093).
node(-103792,294429,14831).
node(-103793,289929,12539).
node(-103794,289929,14831).
node(-103795,292929,14831).
node(-103797,398635,79598).
node(-103798,395635,81957).
node(-103799,394135,78169).
node(-103800,397135,79592).
node(-103801,395635,79587).
node(-103802,398635,78168).
node(-103803,395635,78169).
node(-103804,397135,78168).
node(-103805,398635,81957).
node(-103806,394135,79581).
node(-103807,394135,81957).
node(-103808,397135,81957).
node(-103818,33257,9668).
node(-103819,30257,11919).
node(-103820,28757,8111).
node(-103821,31757,9668).
node(-103822,30257,9668).
node(-103823,33257,8111).
node(-103824,30257,8111).
node(-103825,31757,8111).
node(-103826,33257,11919).
node(-103827,28757,9668).
node(-103828,28757,11919).
node(-103829,31757,11919).
node(-103952,2457,9664).
node(-103954,20594,4342).
node(-103955,17728,9661).
node(-103956,17740,4336).
node(-103957,17732,8113).
node(-104006,13562,9652).
node(-104007,13573,4327).
node(-104008,13565,8114).
node(-104074,6536,9637).
node(-104075,6547,4313).
node(-104076,6540,8115).
node(-104131,2457,8115).
node(-104136,3803,9631).
node(-104137,3814,4307).
node(-104138,3806,8115).
node(-104469,416089,79663).
node(-104534,10631,79698).
node(-104535,10613,78285).
node(-104536,15612,79701).
node(-104537,15612,78285).
node(-104538,20594,79703).
node(-104539,20593,78285).
node(-104540,27680,79707).
node(-104541,27680,78285).
node(-104542,34941,79711).
node(-104543,34941,78285).
node(-104544,44308,79716).
node(-104545,44290,78285).
node(-104546,46711,79717).
node(-104547,46728,78285).
node(-104548,44062,61744).
node(-104549,44062,60160).
node(-104550,46518,61746).
node(-104551,46518,60160).
node(-104552,11788,61727).
node(-104553,11788,60160).
node(-104554,18664,61730).
node(-104555,18664,60160).
node(-104556,24452,61734).
node(-104557,24452,60160).
node(-104558,30486,61737).
node(-104559,30486,60160).
node(-104560,36345,61740).
node(-104561,36380,60160).
node(-104565,41354,39615).
node(-104567,42792,39615).
node(-104568,41352,32564).
node(-104569,42790,32564).
node(-104570,41351,25688).
node(-104571,42787,25688).
node(-104572,41350,20146).
node(-104573,42785,20111).
node(-104574,41349,14358).
node(-104575,42783,14323).
node(-104591,24102,9667).
node(-104592,24137,8112).
node(-104593,10420,9665).
node(-104594,10455,8114).
node(-104595,48202,9671).
node(-104596,48202,8109).
node(-104597,55077,9671).
node(-104598,55077,8108).
node(-104599,71916,9674).
node(-104600,71898,8105).
node(-104603,104996,12519).
node(-104604,105009,10728).
node(-104605,109943,12520).
node(-104606,109949,10907).
node(-104607,114573,12520).
node(-104608,114573,11074).
node(-104609,119450,12521).
node(-104610,119450,11074).
node(-104611,123835,12521).
node(-104612,123870,11075).
node(-104613,128641,12522).
node(-104614,128641,11075).
node(-104615,134253,12522).
node(-104616,134253,11076).
node(-104617,140007,12523).
node(-104618,140007,11076).
node(-104619,145690,12523).
node(-104620,145690,11077).
node(-104621,150846,12524).
node(-104622,150846,11078).
node(-104623,155617,12525).
node(-104624,155652,11078).
node(-104633,221989,12532).
node(-104634,221849,11085).
node(-104635,232162,12533).
node(-104636,232022,11086).
node(-104637,244160,12534).
node(-104638,244089,11088).
node(-104639,255526,12535).
node(-104640,255596,11089).
node(-104641,268646,12537).
node(-104642,268505,11090).
node(-104643,279380,12538).
node(-104644,279380,11091).
node(-104645,187304,21163).
node(-104646,188739,21163).
node(-104647,187306,29512).
node(-104648,188742,29512).
node(-104649,187307,37861).
node(-104650,188746,37932).
node(-104651,324281,21093).
node(-104652,325717,21023).
node(-104653,324283,29302).
node(-104654,325720,29302).
node(-104655,324285,37932).
node(-104656,325723,37931).
node(-104658,346839,78178).
node(-104660,360766,78175).
node(-104662,372273,78173).
node(-104664,383832,78171).
node(-104693,332676,79591).
node(-104696,346822,79589).
node(-104697,360766,79587).
node(-104698,372273,79585).
node(-104699,383814,79583).
node(-104700,407353,79630).
node(-104701,407318,78166).
node(-104702,422087,79685).
node(-104703,422086,78163).
node(-105635,100839,12519).
node(-105641,100839,10578).
node(1,43674,53376).
node(2,190266,53344).
node(3,326995,53344).
node(4,188858,3245).
node(5,325894,3194).
node(6,75238,51).
node(7,92032,0).
node(8,89293,8).
node(9,85120,21).
node(10,82278,30).
node(11,78106,42).
node(12,2483,60160).
node(13,2483,61722).
node(14,0,78285).
node(15,13,79693).
node(16,413005,88755).
node(17,413030,82202).
node(18,413025,83507).
node(19,413020,84838).
node(20,413015,86144).
node(21,413010,87450).
node(22,431040,88806).
node(23,431045,87501).
node(24,431050,86195).
node(25,431055,84889).
node(26,431061,83559).
node(27,431066,82253).
node(28,431014,79718).
node(29,431020,78413).
node(30,431025,77107).
node(31,431030,75801).
node(32,431035,74470).
node(33,431040,73165).
node(34,75213,9674).
node(35,92194,10184).
node(36,89310,10097).
node(37,85140,9972).
node(38,82301,9887).
node(39,78133,9762).
node(40,92161,8102).
node(41,89318,8103).
node(42,85145,8103).
node(43,82303,8104).
node(44,78130,8104).
node(45,75217,8105).
node(46,41348,9670).
node(47,42781,9670).
node(49,98598,12518).
node(50,335386,12544).
node(51,93747,8102).
node(53,335387,1638).
node(54,320563,1637).
node(55,320562,12542).
node(56,320562,11096).
node(57,335386,11097).
node(58,325914,1637).
node(59,183564,12528).
node(60,183564,11081).
node(61,183578,1330).
node(62,198401,1332).
node(63,198387,11083).
node(64,198387,12529).
node(65,188851,1331).
node(66,188736,12528).
node(67,187302,12528).
node(68,188749,46349).
node(69,195686,46346).
node(70,195690,55629).
node(71,187311,55632).
node(72,190259,55631).
node(73,187309,46349).
node(74,325726,46368).
node(75,332667,55648).
node(76,332664,46365).
node(77,324288,55651).
node(78,324286,46369).
node(79,324280,12543).
node(80,325713,12543).
node(81,326995,55650).
node(82,325713,11096).
node(83,324280,11096).
node(84,42795,46317).
node(85,49301,55597).
node(86,49297,46314).
node(87,41357,55600).
node(88,41355,46317).
node(89,43674,55599).
node(90,42781,8109).
node(91,41348,8110).
node(92,68352,72).
node(93,68378,9673).
node(94,68373,8106).
node(95,58573,102).
node(96,51558,123).
node(97,44275,146).
node(98,34534,175).
node(99,27507,197).
node(100,27536,9668).
node(101,34564,9669).
node(102,44304,9670).
node(103,51588,9671).
node(104,58601,9672).
node(105,58597,8107).
node(106,51583,8108).
node(107,44299,8109).
node(108,34559,8111).
node(109,27531,8112).
node(110,324292,78182).
node(111,428109,78162).
node(112,428111,89907).
node(113,416102,78165).
node(114,416000,90010).
node(115,416011,88767).
node(116,416022,87461).
node(117,416033,86155).
node(118,416045,84849).
node(119,416067,82213).
node(120,416056,83519).
node(121,428111,88832).
node(122,428111,87489).
node(123,428110,86183).
node(124,428110,84878).
node(125,428110,83547).
node(126,428110,82241).
node(127,428109,79708).
node(128,428109,78401).
node(129,428109,77096).
node(130,428108,75790).
node(131,428108,74459).
node(132,428108,73153).
node(133,332676,78181).
node(134,49303,61747).
node(135,49303,60160).
node(136,41358,60160).
node(137,41358,61743).
node(138,49310,79718).
node(139,49310,78285).
node(140,41362,79714).
node(141,41361,78285).
node(142,212480,12531).
node(143,212480,11084).
node(144,172147,12526).
node(145,172147,11080).
node(146,188736,11082).
node(147,187302,11081).
node(148,20582,9667).
node(149,20586,8113).
node(150,307763,12541).
node(151,307763,11094).
edge(-103628,-104693,8384).
edge(-104693,-103628,8384).
edge(-103628,110,1410).
edge(110,-103628,1410).
edge(-103647,-103665,1500).
edge(-103665,-103647,1500).
edge(-103647,-103656,1566).
edge(-103656,-103647,1566).
edge(-103647,105,2948).
edge(105,-103647,2948).
edge(-103656,104,2943).
edge(104,-103656,2943).
edge(-103656,-103657,2262).
edge(-103657,-103656,2262).
edge(-103656,-103666,1500).
edge(-103666,-103656,1500).
edge(-103664,-103666,2262).
edge(-103666,-103664,2262).
edge(-103665,-103706,1500).
edge(-103706,-103665,1500).
edge(-103665,-103666,1566).
edge(-103666,-103665,1566).
edge(-103666,-103707,1500).
edge(-103707,-103666,1500).
edge(-103705,-103707,2262).
edge(-103707,-103705,2262).
edge(-103706,-103735,1500).
edge(-103735,-103706,1500).
edge(-103706,-103707,1567).
edge(-103707,-103706,1567).
edge(-103707,-103736,1500).
edge(-103736,-103707,1500).
edge(-103734,-103736,2262).
edge(-103736,-103734,2262).
edge(-103735,94,2329).
edge(94,-103735,2329).
edge(-103735,-103736,1567).
edge(-103736,-103735,1567).
edge(-103736,93,2333).
edge(93,-103736,2333).
edge(-103767,-103772,1446).
edge(-103772,-103767,1446).
edge(-103767,-103770,1500).
edge(-103770,-103767,1500).
edge(-103767,-103775,2341).
edge(-103775,-103767,2341).
edge(-103767,144,7831).
edge(144,-103767,7831).
edge(-103768,-103771,2341).
edge(-103771,-103768,2341).
edge(-103769,-103773,1500).
edge(-103773,-103769,1500).
edge(-103769,-103776,1446).
edge(-103776,-103769,1446).
edge(-103769,-104624,4164).
edge(-104624,-103769,4164).
edge(-103770,-103774,1446).
edge(-103774,-103770,1446).
edge(-103770,-103771,1500).
edge(-103771,-103770,1500).
edge(-103770,-103778,2341).
edge(-103778,-103770,2341).
edge(-103771,-103773,1446).
edge(-103773,-103771,1446).
edge(-103771,-103776,1500).
edge(-103776,-103771,1500).
edge(-103772,145,7831).
edge(145,-103772,7831).
edge(-103772,-103774,1500).
edge(-103774,-103772,1500).
edge(-103773,-103774,1500).
edge(-103774,-103773,1500).
edge(-103776,-104623,4199).
edge(-104623,-103776,4199).
edge(-103776,-103777,2341).
edge(-103777,-103776,2341).
edge(-103784,-103789,1447).
edge(-103789,-103784,1447).
edge(-103784,-103787,1500).
edge(-103787,-103784,1500).
edge(-103784,-103792,2292).
edge(-103792,-103784,2292).
edge(-103784,150,13334).
edge(150,-103784,13334).
edge(-103785,-103788,2292).
edge(-103788,-103785,2292).
edge(-103786,-103790,1500).
edge(-103790,-103786,1500).
edge(-103786,-103793,1447).
edge(-103793,-103786,1447).
edge(-103786,-104644,10549).
edge(-104644,-103786,10549).
edge(-103787,-103791,1447).
edge(-103791,-103787,1447).
edge(-103787,-103788,1500).
edge(-103788,-103787,1500).
edge(-103787,-103795,2292).
edge(-103795,-103787,2292).
edge(-103788,-103790,1447).
edge(-103790,-103788,1447).
edge(-103788,-103793,1500).
edge(-103793,-103788,1500).
edge(-103789,151,13334).
edge(151,-103789,13334).
edge(-103789,-103791,1500).
edge(-103791,-103789,1500).
edge(-103790,-103791,1500).
edge(-103791,-103790,1500).
edge(-103793,-104643,10549).
edge(-104643,-103793,10549).
edge(-103793,-103794,2292).
edge(-103794,-103793,2292).
edge(-103797,-103802,1430).
edge(-103802,-103797,1430).
edge(-103797,-104700,8718).
edge(-104700,-103797,8718).
edge(-103797,-103800,1500).
edge(-103800,-103797,1500).
edge(-103797,-103805,2359).
edge(-103805,-103797,2359).
edge(-103798,-103801,2371).
edge(-103801,-103798,2371).
edge(-103799,-103803,1500).
edge(-103803,-103799,1500).
edge(-103799,-103806,1412).
edge(-103806,-103799,1412).
edge(-103799,-104664,10303).
edge(-104664,-103799,10303).
edge(-103800,-103804,1424).
edge(-103804,-103800,1424).
edge(-103800,-103801,1500).
edge(-103801,-103800,1500).
edge(-103800,-103808,2365).
edge(-103808,-103800,2365).
edge(-103801,-103803,1418).
edge(-103803,-103801,1418).
edge(-103801,-103806,1500).
edge(-103806,-103801,1500).
edge(-103802,-104701,8683).
edge(-104701,-103802,8683).
edge(-103802,-103804,1500).
edge(-103804,-103802,1500).
edge(-103803,-103804,1500).
edge(-103804,-103803,1500).
edge(-103806,-103807,2376).
edge(-103807,-103806,2376).
edge(-103806,-104699,10321).
edge(-104699,-103806,10321).
edge(-103818,-103823,1558).
edge(-103823,-103818,1558).
edge(-103818,-103821,1500).
edge(-103821,-103818,1500).
edge(-103818,-103826,2251).
edge(-103826,-103818,2251).
edge(-103818,101,1307).
edge(101,-103818,1307).
edge(-103819,-103822,2252).
edge(-103822,-103819,2252).
edge(-103820,-103824,1500).
edge(-103824,-103820,1500).
edge(-103820,-103827,1556).
edge(-103827,-103820,1556).
edge(-103820,109,1226).
edge(109,-103820,1226).
edge(-103821,-103825,1557).
edge(-103825,-103821,1557).
edge(-103821,-103822,1500).
edge(-103822,-103821,1500).
edge(-103821,-103829,2251).
edge(-103829,-103821,2251).
edge(-103822,-103824,1557).
edge(-103824,-103822,1557).
edge(-103822,-103827,1500).
edge(-103827,-103822,1500).
edge(-103823,108,1302).
edge(108,-103823,1302).
edge(-103823,-103825,1500).
edge(-103825,-103823,1500).
edge(-103824,-103825,1500).
edge(-103825,-103824,1500).
edge(-103827,100,1221).
edge(100,-103827,1221).
edge(-103827,-103828,2252).
edge(-103828,-103827,2252).
edge(-103952,-104131,1549).
edge(-104131,-103952,1549).
edge(-103952,-104593,7963).
edge(-104593,-103952,7963).
edge(-103954,149,3771).
edge(149,-103954,3771).
edge(-103955,-103957,1548).
edge(-103957,-103955,1548).
edge(-103956,-103957,3777).
edge(-103957,-103956,3777).
edge(-103957,149,2854).
edge(149,-103957,2854).
edge(-103957,-104008,4166).
edge(-104008,-103957,4166).
edge(-104006,-104008,1538).
edge(-104008,-104006,1538).
edge(-104007,-104008,3786).
edge(-104008,-104007,3786).
edge(-104008,-104594,3110).
edge(-104594,-104008,3110).
edge(-104074,-104076,1523).
edge(-104076,-104074,1523).
edge(-104075,-104076,3802).
edge(-104076,-104075,3802).
edge(-104076,-104594,3916).
edge(-104594,-104076,3916).
edge(-104076,-104138,2733).
edge(-104138,-104076,2733).
edge(-104131,-104138,1349).
edge(-104138,-104131,1349).
edge(-104136,-104138,1516).
edge(-104138,-104136,1516).
edge(-104137,-104138,3808).
edge(-104138,-104137,3808).
edge(-104469,119,2550).
edge(119,-104469,2550).
edge(-104469,-104702,5997).
edge(-104702,-104469,5997).
edge(-104469,-104700,8737).
edge(-104700,-104469,8737).
edge(-104469,113,1498).
edge(113,-104469,1498).
edge(-104534,-104535,1414).
edge(-104535,-104534,1414).
edge(-104534,-104536,4981).
edge(-104536,-104534,4981).
edge(-104534,15,10618).
edge(15,-104534,10618).
edge(-104535,-104537,4999).
edge(-104537,-104535,4999).
edge(-104535,14,10613).
edge(14,-104535,10613).
edge(-104536,-104537,1416).
edge(-104537,-104536,1416).
edge(-104536,-104538,4982).
edge(-104538,-104536,4982).
edge(-104537,-104539,4981).
edge(-104539,-104537,4981).
edge(-104538,-104539,1419).
edge(-104539,-104538,1419).
edge(-104538,-104540,7086).
edge(-104540,-104538,7086).
edge(-104539,-104541,7086).
edge(-104541,-104539,7086).
edge(-104540,-104541,1422).
edge(-104541,-104540,1422).
edge(-104540,-104542,7262).
edge(-104542,-104540,7262).
edge(-104541,-104543,7262).
edge(-104543,-104541,7262).
edge(-104542,-104543,1426).
edge(-104543,-104542,1426).
edge(-104542,140,6420).
edge(140,-104542,6420).
edge(-104543,141,6420).
edge(141,-104543,6420).
edge(-104544,-104545,1431).
edge(-104545,-104544,1431).
edge(-104544,-104546,2403).
edge(-104546,-104544,2403).
edge(-104544,140,2946).
edge(140,-104544,2946).
edge(-104545,-104547,2438).
edge(-104547,-104545,2438).
edge(-104545,141,2929).
edge(141,-104545,2929).
edge(-104546,-104547,1432).
edge(-104547,-104546,1432).
edge(-104546,138,2599).
edge(138,-104546,2599).
edge(-104547,139,2581).
edge(139,-104547,2581).
edge(-104548,-104549,1584).
edge(-104549,-104548,1584).
edge(-104548,137,2704).
edge(137,-104548,2704).
edge(-104548,-104550,2456).
edge(-104550,-104548,2456).
edge(-104549,136,2704).
edge(136,-104549,2704).
edge(-104549,-104551,2456).
edge(-104551,-104549,2456).
edge(-104550,-104551,1586).
edge(-104551,-104550,1586).
edge(-104550,134,2785).
edge(134,-104550,2785).
edge(-104551,135,2785).
edge(135,-104551,2785).
edge(-104552,-104553,1567).
edge(-104553,-104552,1567).
edge(-104552,13,9305).
edge(13,-104552,9305).
edge(-104552,-104554,6876).
edge(-104554,-104552,6876).
edge(-104553,12,9305).
edge(12,-104553,9305).
edge(-104553,-104555,6876).
edge(-104555,-104553,6876).
edge(-104554,-104555,1570).
edge(-104555,-104554,1570).
edge(-104554,-104556,5788).
edge(-104556,-104554,5788).
edge(-104555,-104557,5788).
edge(-104557,-104555,5788).
edge(-104556,-104557,1574).
edge(-104557,-104556,1574).
edge(-104556,-104558,6034).
edge(-104558,-104556,6034).
edge(-104557,-104559,6034).
edge(-104559,-104557,6034).
edge(-104558,-104559,1577).
edge(-104559,-104558,1577).
edge(-104558,-104560,5858).
edge(-104560,-104558,5858).
edge(-104559,-104561,5893).
edge(-104561,-104559,5893).
edge(-104560,-104561,1581).
edge(-104561,-104560,1581).
edge(-104560,137,5014).
edge(137,-104560,5014).
edge(-104561,136,4978).
edge(136,-104561,4978).
edge(-104565,-104567,1439).
edge(-104567,-104565,1439).
edge(-104565,88,6702).
edge(88,-104565,6702).
edge(-104565,-104568,7051).
edge(-104568,-104565,7051).
edge(-104567,84,6702).
edge(84,-104567,6702).
edge(-104567,-104569,7051).
edge(-104569,-104567,7051).
edge(-104568,-104569,1437).
edge(-104569,-104568,1437).
edge(-104568,-104570,6876).
edge(-104570,-104568,6876).
edge(-104569,-104571,6876).
edge(-104571,-104569,6876).
edge(-104570,-104571,1436).
edge(-104571,-104570,1436).
edge(-104570,-104572,5543).
edge(-104572,-104570,5543).
edge(-104571,-104573,5578).
edge(-104573,-104571,5578).
edge(-104572,-104573,1435).
edge(-104573,-104572,1435).
edge(-104572,-104574,5788).
edge(-104574,-104572,5788).
edge(-104573,-104575,5788).
edge(-104575,-104573,5788).
edge(-104574,-104575,1434).
edge(-104575,-104574,1434).
edge(-104574,46,4688).
edge(46,-104574,4688).
edge(-104575,47,4653).
edge(47,-104575,4653).
edge(-104591,-104592,1555).
edge(-104592,-104591,1555).
edge(-104591,148,3519).
edge(148,-104591,3519).
edge(-104591,100,3434).
edge(100,-104591,3434).
edge(-104592,109,3394).
edge(109,-104592,3394).
edge(-104592,149,3551).
edge(149,-104592,3551).
edge(-104593,-104594,1551).
edge(-104594,-104593,1551).
edge(-104593,148,10162).
edge(148,-104593,10162).
edge(-104595,-104596,1562).
edge(-104596,-104595,1562).
edge(-104595,102,3897).
edge(102,-104595,3897).
edge(-104595,103,3386).
edge(103,-104595,3386).
edge(-104596,106,3381).
edge(106,-104596,3381).
edge(-104596,107,3902).
edge(107,-104596,3902).
edge(-104597,-104598,1564).
edge(-104598,-104597,1564).
edge(-104597,103,3490).
edge(103,-104597,3490).
edge(-104597,104,3524).
edge(104,-104597,3524).
edge(-104598,105,3519).
edge(105,-104598,3519).
edge(-104598,106,3495).
edge(106,-104598,3495).
edge(-104599,-104600,1569).
edge(-104600,-104599,1569).
edge(-104599,93,3538).
edge(93,-104599,3538).
edge(-104599,34,3297).
edge(34,-104599,3297).
edge(-104600,45,3319).
edge(45,-104600,3319).
edge(-104600,94,3525).
edge(94,-104600,3525).
edge(-104603,-104604,1791).
edge(-104604,-104603,1791).
edge(-104603,-105635,4157).
edge(-105635,-104603,4157).
edge(-104603,-104605,4946).
edge(-104605,-104603,4946).
edge(-104604,-104606,4943).
edge(-104606,-104604,4943).
edge(-104604,-105641,4172).
edge(-105641,-104604,4172).
edge(-104605,-104606,1613).
edge(-104606,-104605,1613).
edge(-104605,-104607,4631).
edge(-104607,-104605,4631).
edge(-104606,-104608,4628).
edge(-104608,-104606,4628).
edge(-104607,-104608,1446).
edge(-104608,-104607,1446).
edge(-104607,-104609,4876).
edge(-104609,-104607,4876).
edge(-104608,-104610,4876).
edge(-104610,-104608,4876).
edge(-104609,-104610,1446).
edge(-104610,-104609,1446).
edge(-104609,-104611,4385).
edge(-104611,-104609,4385).
edge(-104610,-104612,4420).
edge(-104612,-104610,4420).
edge(-104611,-104612,1447).
edge(-104612,-104611,1447).
edge(-104611,-104613,4806).
edge(-104613,-104611,4806).
edge(-104612,-104614,4771).
edge(-104614,-104612,4771).
edge(-104613,-104614,1446).
edge(-104614,-104613,1446).
edge(-104613,-104615,5613).
edge(-104615,-104613,5613).
edge(-104614,-104616,5613).
edge(-104616,-104614,5613).
edge(-104615,-104616,1446).
edge(-104616,-104615,1446).
edge(-104615,-104617,5753).
edge(-104617,-104615,5753).
edge(-104616,-104618,5753).
edge(-104618,-104616,5753).
edge(-104617,-104618,1446).
edge(-104618,-104617,1446).
edge(-104617,-104619,5683).
edge(-104619,-104617,5683).
edge(-104618,-104620,5683).
edge(-104620,-104618,5683).
edge(-104619,-104620,1446).
edge(-104620,-104619,1446).
edge(-104619,-104621,5157).
edge(-104621,-104619,5157).
edge(-104620,-104622,5157).
edge(-104622,-104620,5157).
edge(-104621,-104622,1446).
edge(-104622,-104621,1446).
edge(-104621,-104623,4771).
edge(-104623,-104621,4771).
edge(-104622,-104624,4806).
edge(-104624,-104622,4806).
edge(-104623,-104624,1447).
edge(-104624,-104623,1447).
edge(-104633,-104634,1453).
edge(-104634,-104633,1453).
edge(-104633,142,9509).
edge(142,-104633,9509).
edge(-104633,-104635,10173).
edge(-104635,-104633,10173).
edge(-104634,-104636,10173).
edge(-104636,-104634,10173).
edge(-104634,143,9369).
edge(143,-104634,9369).
edge(-104635,-104636,1453).
edge(-104636,-104635,1453).
edge(-104635,-104637,11997).
edge(-104637,-104635,11997).
edge(-104636,-104638,12068).
edge(-104638,-104636,12068).
edge(-104637,-104638,1448).
edge(-104638,-104637,1448).
edge(-104637,-104639,11366).
edge(-104639,-104637,11366).
edge(-104638,-104640,11506).
edge(-104640,-104638,11506).
edge(-104639,-104640,1448).
edge(-104640,-104639,1448).
edge(-104639,-104641,13120).
edge(-104641,-104639,13120).
edge(-104640,-104642,12909).
edge(-104642,-104640,12909).
edge(-104641,-104642,1453).
edge(-104642,-104641,1453).
edge(-104641,-104643,10735).
edge(-104643,-104641,10735).
edge(-104642,-104644,10875).
edge(-104644,-104642,10875).
edge(-104643,-104644,1447).
edge(-104644,-104643,1447).
edge(-104645,-104646,1435).
edge(-104646,-104645,1435).
edge(-104645,-104647,8349).
edge(-104647,-104645,8349).
edge(-104645,67,8635).
edge(67,-104645,8635).
edge(-104646,-104648,8349).
edge(-104648,-104646,8349).
edge(-104646,66,8635).
edge(66,-104646,8635).
edge(-104647,-104648,1437).
edge(-104648,-104647,1437).
edge(-104647,-104649,8349).
edge(-104649,-104647,8349).
edge(-104648,-104650,8419).
edge(-104650,-104648,8419).
edge(-104649,-104650,1440).
edge(-104650,-104649,1440).
edge(-104649,73,8488).
edge(73,-104649,8488).
edge(-104650,68,8417).
edge(68,-104650,8417).
edge(-104651,-104652,1437).
edge(-104652,-104651,1437).
edge(-104651,-104653,8209).
edge(-104653,-104651,8209).
edge(-104651,79,8550).
edge(79,-104651,8550).
edge(-104652,-104654,8279).
edge(-104654,-104652,8279).
edge(-104652,80,8480).
edge(80,-104652,8480).
edge(-104653,-104654,1437).
edge(-104654,-104653,1437).
edge(-104653,-104655,8630).
edge(-104655,-104653,8630).
edge(-104654,-104656,8630).
edge(-104656,-104654,8630).
edge(-104655,-104656,1438).
edge(-104656,-104655,1438).
edge(-104655,78,8437).
edge(78,-104655,8437).
edge(-104656,74,8437).
edge(74,-104656,8437).
edge(-104658,-104660,13927).
edge(-104660,-104658,13927).
edge(-104658,-104696,1411).
edge(-104696,-104658,1411).
edge(-104658,133,14164).
edge(133,-104658,14164).
edge(-104660,-104662,11506).
edge(-104662,-104660,11506).
edge(-104660,-104697,1411).
edge(-104697,-104660,1411).
edge(-104662,-104664,11559).
edge(-104664,-104662,11559).
edge(-104662,-104698,1412).
edge(-104698,-104662,1412).
edge(-104664,-104699,1412).
edge(-104699,-104664,1412).
edge(-104693,-104696,14145).
edge(-104696,-104693,14145).
edge(-104693,133,1410).
edge(133,-104693,1410).
edge(-104696,-104697,13944).
edge(-104697,-104696,13944).
edge(-104697,-104698,11506).
edge(-104698,-104697,11506).
edge(-104698,-104699,11541).
edge(-104699,-104698,11541).
edge(-104700,-104701,1464).
edge(-104701,-104700,1464).
edge(-104701,113,8785).
edge(113,-104701,8785).
edge(-104702,-104703,1522).
edge(-104703,-104702,1522).
edge(-104702,127,6023).
edge(127,-104702,6023).
edge(-104703,111,6022).
edge(111,-104703,6022).
edge(-104703,113,5984).
edge(113,-104703,5984).
edge(-105635,-105641,1941).
edge(-105641,-105635,1941).
edge(-105635,49,2241).
edge(49,-105635,2241).
edge(-105641,51,7512).
edge(51,-105641,7512).
edge(1,89,2223).
edge(89,1,2223).
edge(2,72,2287).
edge(72,2,2287).
edge(3,81,2306).
edge(81,3,2306).
edge(4,65,1914).
edge(65,4,1914).
edge(5,58,1556).
edge(58,5,1556).
edge(6,45,8054).
edge(45,6,8054).
edge(7,40,8103).
edge(40,7,8103).
edge(8,41,8094).
edge(41,8,8094).
edge(9,42,8082).
edge(42,9,8082).
edge(10,43,8074).
edge(43,10,8074).
edge(11,44,8062).
edge(44,11,8062).
edge(16,115,3006).
edge(115,16,3006).
edge(17,119,3037).
edge(119,17,3037).
edge(18,120,3031).
edge(120,18,3031).
edge(19,118,3025).
edge(118,19,3025).
edge(20,117,3018).
edge(117,20,3018).
edge(21,116,3012).
edge(116,21,3012).
edge(22,121,2929).
edge(121,22,2929).
edge(23,122,2934).
edge(122,23,2934).
edge(24,123,2940).
edge(123,24,2940).
edge(25,124,2945).
edge(124,25,2945).
edge(26,125,2951).
edge(125,26,2951).
edge(27,126,2956).
edge(126,27,2956).
edge(28,127,2905).
edge(127,28,2905).
edge(29,128,2911).
edge(128,29,2911).
edge(30,129,2916).
edge(129,30,2916).
edge(31,130,2921).
edge(130,31,2921).
edge(32,131,2927).
edge(131,32,2927).
edge(33,132,2932).
edge(132,33,2932).
edge(34,39,2921).
edge(39,34,2921).
edge(34,45,1570).
edge(45,34,1570).
edge(35,36,2885).
edge(36,35,2885).
edge(35,40,2081).
edge(40,35,2081).
edge(35,49,6817).
edge(49,35,6817).
edge(36,37,4171).
edge(37,36,4171).
edge(36,41,1994).
edge(41,36,1994).
edge(37,38,2840).
edge(38,37,2840).
edge(37,42,1869).
edge(42,37,1869).
edge(38,39,4171).
edge(39,38,4171).
edge(38,43,1783).
edge(43,38,1783).
edge(39,44,1658).
edge(44,39,1658).
edge(40,51,1587).
edge(51,40,1587).
edge(40,41,2843).
edge(41,40,2843).
edge(41,42,4173).
edge(42,41,4173).
edge(42,43,2842).
edge(43,42,2842).
edge(43,44,4173).
edge(44,43,4173).
edge(44,45,2913).
edge(45,44,2913).
edge(46,101,6784).
edge(101,46,6784).
edge(46,47,1433).
edge(47,46,1433).
edge(46,91,1560).
edge(91,46,1560).
edge(47,90,1560).
edge(90,47,1560).
edge(47,102,1523).
edge(102,47,1523).
edge(50,80,9672).
edge(80,50,9672).
edge(50,57,1447).
edge(57,50,1447).
edge(53,57,9459).
edge(57,53,9459).
edge(53,58,9473).
edge(58,53,9473).
edge(54,58,5350).
edge(58,54,5350).
edge(54,56,9459).
edge(56,54,9459).
edge(55,150,12799).
edge(150,55,12799).
edge(55,56,1447).
edge(56,55,1447).
edge(55,79,3718).
edge(79,55,3718).
edge(56,83,3717).
edge(83,56,3717).
edge(56,151,12799).
edge(151,56,12799).
edge(57,82,9673).
edge(82,57,9673).
edge(59,144,11416).
edge(144,59,11416).
edge(59,60,1446).
edge(60,59,1446).
edge(59,67,3739).
edge(67,59,3739).
edge(60,147,3738).
edge(147,60,3738).
edge(60,61,9751).
edge(61,60,9751).
edge(60,145,11417).
edge(145,60,11417).
edge(61,65,5274).
edge(65,61,5274).
edge(62,63,9751).
edge(63,62,9751).
edge(62,65,9550).
edge(65,62,9550).
edge(63,143,14093).
edge(143,63,14093).
edge(63,64,1446).
edge(64,63,1446).
edge(63,146,9652).
edge(146,63,9652).
edge(64,66,9651).
edge(66,64,9651).
edge(64,142,14093).
edge(142,64,14093).
edge(66,67,1434).
edge(67,66,1434).
edge(66,146,1446).
edge(146,66,1446).
edge(67,147,1446).
edge(147,67,1446).
edge(68,69,6938).
edge(69,68,6938).
edge(68,73,1440).
edge(73,68,1440).
edge(69,70,9283).
edge(70,69,9283).
edge(70,72,5431).
edge(72,70,5431).
edge(71,72,2948).
edge(72,71,2948).
edge(71,73,9283).
edge(73,71,9283).
edge(74,76,6938).
edge(76,74,6938).
edge(74,78,1440).
edge(78,74,1440).
edge(75,133,22533).
edge(133,75,22533).
edge(75,81,5672).
edge(81,75,5672).
edge(75,76,9283).
edge(76,75,9283).
edge(77,110,22531).
edge(110,77,22531).
edge(77,78,9283).
edge(78,77,9283).
edge(77,81,2707).
edge(81,77,2707).
edge(79,80,1434).
edge(80,79,1434).
edge(79,83,1447).
edge(83,79,1447).
edge(80,82,1447).
edge(82,80,1447).
edge(82,83,1433).
edge(83,82,1433).
edge(84,86,6502).
edge(86,84,6502).
edge(84,88,1440).
edge(88,84,1440).
edge(85,135,4563).
edge(135,85,4563).
edge(85,89,5627).
edge(89,85,5627).
edge(85,86,9283).
edge(86,85,9283).
edge(87,136,4560).
edge(136,87,4560).
edge(87,88,9283).
edge(88,87,9283).
edge(87,89,2317).
edge(89,87,2317).
edge(90,107,1519).
edge(107,90,1519).
edge(90,91,1433).
edge(91,90,1433).
edge(91,108,6789).
edge(108,91,6789).
edge(92,94,8034).
edge(94,92,8034).
edge(93,94,1568).
edge(94,93,1568).
edge(95,105,8005).
edge(105,95,8005).
edge(96,106,7985).
edge(106,96,7985).
edge(97,107,7964).
edge(107,97,7964).
edge(98,108,7935).
edge(108,98,7935).
edge(99,109,7915).
edge(109,99,7915).
edge(100,109,1556).
edge(109,100,1556).
edge(101,108,1558).
edge(108,101,1558).
edge(102,107,1561).
edge(107,102,1561).
edge(103,106,1563).
edge(106,103,1563).
edge(104,105,1565).
edge(105,104,1565).
edge(110,133,8383).
edge(133,110,8383).
edge(111,129,1067).
edge(129,111,1067).
edge(111,128,239).
edge(128,111,239).
edge(112,121,1075).
edge(121,112,1075).
edge(114,115,1243).
edge(115,114,1243).
edge(115,116,1306).
edge(116,115,1306).
edge(116,117,1306).
edge(117,116,1306).
edge(117,118,1306).
edge(118,117,1306).
edge(118,120,1330).
edge(120,118,1330).
edge(119,120,1306).
edge(120,119,1306).
edge(121,122,1343).
edge(122,121,1343).
edge(122,123,1306).
edge(123,122,1306).
edge(123,124,1305).
edge(124,123,1305).
edge(124,125,1331).
edge(125,124,1331).
edge(125,126,1306).
edge(126,125,1306).
edge(126,127,2534).
edge(127,126,2534).
edge(127,128,1306).
edge(128,127,1306).
edge(129,130,1305).
edge(130,129,1305).
edge(130,131,1331).
edge(131,130,1331).
edge(131,132,1306).
edge(132,131,1306).
edge(134,139,16538).
edge(139,134,16538).
edge(134,135,1587).
edge(135,134,1587).
edge(136,137,1583).
edge(137,136,1583).
edge(137,141,16542).
edge(141,137,16542).
edge(138,139,1434).
edge(139,138,1434).
edge(140,141,1429).
edge(141,140,1429).
edge(142,143,1446).
edge(143,142,1446).
edge(144,145,1446).
edge(145,144,1446).
edge(146,147,1433).
edge(147,146,1433).
edge(148,149,1554).
edge(149,148,1554).
edge(150,151,1447).
edge(151,150,1447).
conflict(-103628,-103628).
conflict(-103647,-103647).
conflict(-103656,-103656).
conflict(-103657,-103657).
conflict(-103664,-103664).
conflict(-103665,-103665).
conflict(-103666,-103666).
conflict(-103705,-103705).
conflict(-103706,-103706).
conflict(-103707,-103707).
conflict(-103734,-103734).
conflict(-103735,-103735).
conflict(-103736,-103736).
conflict(-103767,-103767).
conflict(-103768,-103768).
conflict(-103769,-103769).
conflict(-103770,-103770).
conflict(-103771,-103771).
conflict(-103772,-103772).
conflict(-103773,-103773).
conflict(-103774,-103774).
conflict(-103775,-103775).
conflict(-103776,-103776).
conflict(-103777,-103777).
conflict(-103778,-103778).
conflict(-103784,-103784).
conflict(-103785,-103785).
conflict(-103786,-103786).
conflict(-103787,-103787).
conflict(-103788,-103788).
conflict(-103789,-103789).
conflict(-103790,-103790).
conflict(-103791,-103791).
conflict(-103792,-103792).
conflict(-103793,-103793).
conflict(-103794,-103794).
conflict(-103795,-103795).
conflict(-103797,-103797).
conflict(-103798,-103798).
conflict(-103799,-103799).
conflict(-103800,-103800).
conflict(-103801,-103801).
conflict(-103802,-103802).
conflict(-103803,-103803).
conflict(-103804,-103804).
conflict(-103805,-103805).
conflict(-103806,-103806).
conflict(-103807,-103807).
conflict(-103808,-103808).
conflict(-103818,-103818).
conflict(-103819,-103819).
conflict(-103820,-103820).
conflict(-103821,-103821).
conflict(-103822,-103822).
conflict(-103823,-103823).
conflict(-103824,-103824).
conflict(-103825,-103825).
conflict(-103826,-103826).
conflict(-103827,-103827).
conflict(-103828,-103828).
conflict(-103829,-103829).
conflict(-103952,-103952).
conflict(-103954,-103954).
conflict(-103955,-103955).
conflict(-103956,-103956).
conflict(-103957,-103957).
conflict(-104006,-104006).
conflict(-104007,-104007).
conflict(-104008,-104008).
conflict(-104074,-104074).
conflict(-104075,-104075).
conflict(-104076,-104076).
conflict(-104131,-104131).
conflict(-104136,-104136).
conflict(-104137,-104137).
conflict(-104138,-104138).
conflict(-104469,-104469).
conflict(-104534,-104534).
conflict(-104535,-104535).
conflict(-104536,-104536).
conflict(-104537,-104537).
conflict(-104538,-104538).
conflict(-104539,-104539).
conflict(-104540,-104540).
conflict(-104541,-104541).
conflict(-104542,-104542).
conflict(-104543,-104543).
conflict(-104544,-104544).
conflict(-104545,-104545).
conflict(-104546,-104546).
conflict(-104547,-104547).
conflict(-104548,-104548).
conflict(-104549,-104549).
conflict(-104550,-104550).
conflict(-104551,-104551).
conflict(-104552,-104552).
conflict(-104553,-104553).
conflict(-104554,-104554).
conflict(-104555,-104555).
conflict(-104556,-104556).
conflict(-104557,-104557).
conflict(-104558,-104558).
conflict(-104559,-104559).
conflict(-104560,-104560).
conflict(-104561,-104561).
conflict(-104565,-104565).
conflict(-104567,-104567).
conflict(-104568,-104568).
conflict(-104569,-104569).
conflict(-104570,-104570).
conflict(-104571,-104571).
conflict(-104572,-104572).
conflict(-104573,-104573).
conflict(-104574,-104574).
conflict(-104575,-104575).
conflict(-104591,-104591).
conflict(-104592,-104592).
conflict(-104593,-104593).
conflict(-104594,-104594).
conflict(-104595,-104595).
conflict(-104596,-104596).
conflict(-104597,-104597).
conflict(-104598,-104598).
conflict(-104599,-104599).
conflict(-104600,-104600).
conflict(-104603,-104603).
conflict(-104604,-104604).
conflict(-104605,-104605).
conflict(-104606,-104606).
conflict(-104607,-104607).
conflict(-104608,-104608).
conflict(-104609,-104609).
conflict(-104610,-104610).
conflict(-104611,-104611).
conflict(-104612,-104612).
conflict(-104613,-104613).
conflict(-104614,-104614).
conflict(-104615,-104615).
conflict(-104616,-104616).
conflict(-104617,-104617).
conflict(-104618,-104618).
conflict(-104619,-104619).
conflict(-104620,-104620).
conflict(-104621,-104621).
conflict(-104622,-104622).
conflict(-104623,-104623).
conflict(-104624,-104624).
conflict(-104633,-104633).
conflict(-104634,-104634).
conflict(-104635,-104635).
conflict(-104636,-104636).
conflict(-104637,-104637).
conflict(-104638,-104638).
conflict(-104639,-104639).
conflict(-104640,-104640).
conflict(-104641,-104641).
conflict(-104642,-104642).
conflict(-104643,-104643).
conflict(-104644,-104644).
conflict(-104645,-104645).
conflict(-104646,-104646).
conflict(-104647,-104647).
conflict(-104648,-104648).
conflict(-104649,-104649).
conflict(-104650,-104650).
conflict(-104651,-104651).
conflict(-104652,-104652).
conflict(-104653,-104653).
conflict(-104654,-104654).
conflict(-104655,-104655).
conflict(-104656,-104656).
conflict(-104658,-104658).
conflict(-104660,-104660).
conflict(-104662,-104662).
conflict(-104664,-104664).
conflict(-104693,-104693).
conflict(-104696,-104696).
conflict(-104697,-104697).
conflict(-104698,-104698).
conflict(-104699,-104699).
conflict(-104700,-104700).
conflict(-104701,-104701).
conflict(-104702,-104702).
conflict(-104703,-104703).
conflict(-105635,-105635).
conflict(-105641,-105641).
conflict(1,1).
conflict(2,2).
conflict(3,3).
conflict(4,4).
conflict(5,5).
conflict(6,6).
conflict(7,7).
conflict(8,8).
conflict(9,9).
conflict(10,10).
conflict(11,11).
conflict(12,12).
conflict(13,13).
conflict(14,14).
conflict(15,15).
conflict(16,16).
conflict(17,17).
conflict(18,18).
conflict(19,19).
conflict(20,20).
conflict(21,21).
conflict(22,22).
conflict(23,23).
conflict(24,24).
conflict(25,25).
conflict(26,26).
conflict(27,27).
conflict(28,28).
conflict(29,29).
conflict(30,30).
conflict(31,31).
conflict(32,32).
conflict(33,33).
conflict(34,34).
conflict(35,35).
conflict(36,36).
conflict(37,37).
conflict(38,38).
conflict(39,39).
conflict(40,40).
conflict(41,41).
conflict(42,42).
conflict(43,43).
conflict(44,44).
conflict(45,45).
conflict(46,46).
conflict(47,47).
conflict(49,49).
conflict(50,50).
conflict(51,51).
conflict(53,53).
conflict(54,54).
conflict(55,55).
conflict(56,56).
conflict(57,57).
conflict(58,58).
conflict(59,59).
conflict(60,60).
conflict(61,61).
conflict(62,62).
conflict(63,63).
conflict(64,64).
conflict(65,65).
conflict(66,66).
conflict(67,67).
conflict(68,68).
conflict(69,69).
conflict(70,70).
conflict(71,71).
conflict(72,72).
conflict(73,73).
conflict(74,74).
conflict(75,75).
conflict(76,76).
conflict(77,77).
conflict(78,78).
conflict(79,79).
conflict(80,80).
conflict(81,81).
conflict(82,82).
conflict(83,83).
conflict(84,84).
conflict(85,85).
conflict(86,86).
conflict(87,87).
conflict(88,88).
conflict(89,89).
conflict(90,90).
conflict(91,91).
conflict(92,92).
conflict(93,93).
