edge(128343,139184,1812).
edge(139184,128343,1812).
edge(128343,134188,1174).
edge(134188,128343,1174).
edge(128343,128348,1206).
edge(128348,128343,1206).
edge(128344,139270,1199).
edge(139270,128344,1199).
edge(128344,134203,1798).
edge(134203,128344,1798).
edge(128344,139269,1202).
edge(139269,128344,1202).
edge(128345,139271,1198).
edge(139271,128345,1198).
edge(128345,134205,1796).
edge(134205,128345,1796).
edge(128345,139270,1201).
edge(139270,128345,1201).
edge(128346,128352,1812).
edge(128352,128346,1812).
edge(128346,128347,1206).
edge(128347,128346,1206).
edge(128346,132176,1206).
edge(132176,128346,1206).
edge(128347,128351,1812).
edge(128351,128347,1812).
edge(128347,128348,1206).
edge(128348,128347,1206).
edge(128348,128350,1812).
edge(128350,128348,1812).
edge(128350,139184,1206).
edge(139184,128350,1206).
edge(128350,128351,1206).
edge(128351,128350,1206).
edge(128351,128352,1206).
edge(128352,128351,1206).
edge(128352,128550,1612).
edge(128550,128352,1612).
edge(128352,139290,1204).
edge(139290,128352,1204).
edge(128368,128369,1795).
edge(128369,128368,1795).
edge(128368,139650,1275).
edge(139650,128368,1275).
edge(128368,139649,1126).
edge(139649,128368,1126).
edge(128369,139769,1275).
edge(139769,128369,1275).
edge(128369,139768,1124).
edge(139768,128369,1124).
edge(128370,128371,1796).
edge(128371,128370,1796).
edge(128370,139649,1280).
edge(139649,128370,1280).
edge(128370,139648,1122).
edge(139648,128370,1122).
edge(128371,139768,1282).
edge(139768,128371,1282).
edge(128371,139767,1118).
edge(139767,128371,1118).
edge(128372,128373,1796).
edge(128373,128372,1796).
edge(128372,140001,1126).
edge(140001,128372,1126).
edge(128372,140000,1292).
edge(140000,128372,1292).
edge(128373,140137,1126).
edge(140137,128373,1126).
edge(128373,140136,1292).
edge(140136,128373,1292).
edge(128374,128375,1795).
edge(128375,128374,1795).
edge(128374,140002,1084).
edge(140002,128374,1084).
edge(128374,140001,1320).
edge(140001,128374,1320).
edge(128375,140138,1085).
edge(140138,128375,1085).
edge(128375,140137,1319).
edge(140137,128375,1319).
edge(128376,128377,1803).
edge(128377,128376,1803).
edge(128376,140559,1213).
edge(140559,128376,1213).
edge(128376,140558,1201).
edge(140558,128376,1201).
edge(128377,140898,1213).
edge(140898,128377,1213).
edge(128377,140897,1201).
edge(140897,128377,1201).
edge(128378,128379,1804).
edge(128379,128378,1804).
edge(128378,140560,1157).
edge(140560,128378,1157).
edge(128378,140559,1253).
edge(140559,128378,1253).
edge(128379,140899,1157).
edge(140899,128379,1157).
edge(128379,140898,1253).
edge(140898,128379,1253).
edge(128550,128551,1501).
edge(128551,128550,1501).
edge(128550,136628,1204).
edge(136628,128550,1204).
edge(128551,128552,1501).
edge(128552,128551,1501).
edge(128551,136637,1203).
edge(136637,128551,1203).
edge(128552,128553,1501).
edge(128553,128552,1501).
edge(128552,136638,1202).
edge(136638,128552,1202).
edge(128553,128554,1501).
edge(128554,128553,1501).
edge(128553,136639,1201).
edge(136639,128553,1201).
edge(128554,128555,1501).
edge(128555,128554,1501).
edge(128554,136640,1200).
edge(136640,128554,1200).
edge(128555,128556,1403).
edge(128556,128555,1403).
edge(128555,136635,1199).
edge(136635,128555,1199).
edge(128556,128557,1200).
edge(128557,128556,1200).
edge(128556,134828,1193).
edge(134828,128556,1193).
edge(128557,128558,1200).
edge(128558,128557,1200).
edge(128557,135978,1192).
edge(135978,128557,1192).
edge(128558,128559,1200).
edge(128559,128558,1200).
edge(128558,135979,1192).
edge(135979,128558,1192).
edge(128559,128560,1200).
edge(128560,128559,1200).
edge(128559,135980,1192).
edge(135980,128559,1192).
edge(128560,128561,1200).
edge(128561,128560,1200).
edge(128560,135981,1192).
edge(135981,128560,1192).
edge(128561,128562,1200).
edge(128562,128561,1200).
edge(128561,135982,1192).
edge(135982,128561,1192).
edge(128562,128563,1200).
edge(128563,128562,1200).
edge(128562,135983,1192).
edge(135983,128562,1192).
edge(128563,128564,1200).
edge(128564,128563,1200).
edge(128563,135984,1192).
edge(135984,128563,1192).
edge(128564,141214,1195).
edge(141214,128564,1195).
edge(128564,135985,1192).
edge(135985,128564,1192).
edge(128565,128566,1200).
edge(128566,128565,1200).
edge(128565,135988,1193).
edge(135988,128565,1193).
edge(128565,141215,1778).
edge(141215,128565,1778).
edge(128566,128567,1200).
edge(128567,128566,1200).
edge(128566,135989,1194).
edge(135989,128566,1194).
edge(128567,128568,1200).
edge(128568,128567,1200).
edge(128567,135990,1194).
edge(135990,128567,1194).
edge(128568,128569,1200).
edge(128569,128568,1200).
edge(128568,135991,1195).
edge(135991,128568,1195).
edge(128569,128570,1200).
edge(128570,128569,1200).
edge(128569,135992,1195).
edge(135992,128569,1195).
edge(128570,128572,1200).
edge(128572,128570,1200).
edge(128570,135993,1196).
edge(135993,128570,1196).
edge(128572,128573,1200).
edge(128573,128572,1200).
edge(128572,135994,1196).
edge(135994,128572,1196).
edge(128573,128574,1200).
edge(128574,128573,1200).
edge(128573,135995,1197).
edge(135995,128573,1197).
edge(128574,128575,1200).
edge(128575,128574,1200).
edge(128574,135996,1198).
edge(135996,128574,1198).
edge(128575,128576,1469).
edge(128576,128575,1469).
edge(128575,134392,1198).
edge(134392,128575,1198).
edge(128576,128577,1469).
edge(128577,128576,1469).
edge(128576,137290,1200).
edge(137290,128576,1200).
edge(128577,128578,1469).
edge(128578,128577,1469).
edge(128577,137289,1199).
edge(137289,128577,1199).
edge(128578,128579,1469).
edge(128579,128578,1469).
edge(128578,137288,1200).
edge(137288,128578,1200).
edge(128579,128580,1469).
edge(128580,128579,1469).
edge(128579,137287,1201).
edge(137287,128579,1201).
edge(128580,128581,1469).
edge(128581,128580,1469).
edge(128580,137286,1200).
edge(137286,128580,1200).
edge(128581,139981,1468).
edge(139981,128581,1468).
edge(128581,137285,1201).
edge(137285,128581,1201).
edge(130165,136949,1508).
edge(136949,130165,1508).
edge(130165,136628,1396).
edge(136628,130165,1396).
edge(130166,136953,1508).
edge(136953,130166,1508).
edge(130166,136637,1396).
edge(136637,130166,1396).
edge(130167,136952,1509).
edge(136952,130167,1509).
edge(130167,136638,1396).
edge(136638,130167,1396).
edge(130168,136951,1510).
edge(136951,130168,1510).
edge(130168,136639,1396).
edge(136639,130168,1396).
edge(130169,136950,1511).
edge(136950,130169,1511).
edge(130169,136640,1396).
edge(136640,130169,1396).
edge(130170,136948,1512).
edge(136948,130170,1512).
edge(130170,136635,1396).
edge(136635,130170,1396).
edge(130171,136449,1582).
edge(136449,130171,1582).
edge(130171,134828,1402).
edge(134828,130171,1402).
edge(130172,136468,1583).
edge(136468,130172,1583).
edge(130172,135978,1401).
edge(135978,130172,1401).
edge(130173,136467,1584).
edge(136467,130173,1584).
edge(130173,135979,1401).
edge(135979,130173,1401).
edge(130174,136466,1584).
edge(136466,130174,1584).
edge(130174,135980,1400).
edge(135980,130174,1400).
edge(130175,136465,1585).
edge(136465,130175,1585).
edge(130175,135981,1399).
edge(135981,130175,1399).
edge(130176,136464,1586).
edge(136464,130176,1586).
edge(130176,135982,1399).
edge(135982,130176,1399).
edge(130177,136463,1586).
edge(136463,130177,1586).
edge(130177,135983,1398).
edge(135983,130177,1398).
edge(130178,136462,1587).
edge(136462,130178,1587).
edge(130178,135984,1398).
edge(135984,130178,1398).
edge(130179,136461,1588).
edge(136461,130179,1588).
edge(130179,135985,1397).
edge(135985,130179,1397).
edge(130180,136460,1591).
edge(136460,130180,1591).
edge(130180,139631,1393).
edge(139631,130180,1393).
edge(130181,136459,1592).
edge(136459,130181,1592).
edge(130181,135987,1392).
edge(135987,130181,1392).
edge(130182,136458,1590).
edge(136458,130182,1590).
edge(130182,135988,1394).
edge(135988,130182,1394).
edge(130183,136457,1591).
edge(136457,130183,1591).
edge(130183,135989,1393).
edge(135989,130183,1393).
edge(130184,136456,1591).
edge(136456,130184,1591).
edge(130184,135990,1393).
edge(135990,130184,1393).
edge(130185,136455,1592).
edge(136455,130185,1592).
edge(130185,135991,1393).
edge(135991,130185,1393).
edge(130186,136454,1592).
edge(136454,130186,1592).
edge(130186,135992,1392).
edge(135992,130186,1392).
edge(130187,136453,1593).
edge(136453,130187,1593).
edge(130187,135993,1392).
edge(135993,130187,1392).
edge(130188,136452,1593).
edge(136452,130188,1593).
edge(130188,135994,1391).
edge(135994,130188,1391).
edge(130189,136451,1593).
edge(136451,130189,1593).
edge(130189,135995,1391).
edge(135995,130189,1391).
edge(130190,136450,1593).
edge(136450,130190,1593).
edge(130190,135996,1391).
edge(135996,130190,1391).
edge(130191,136448,1594).
edge(136448,130191,1594).
edge(130191,134392,1391).
edge(134392,130191,1391).
edge(130281,132199,1391).
edge(132199,130281,1391).
edge(130281,134188,1305).
edge(134188,130281,1305).
edge(130282,132234,1392).
edge(132234,130282,1392).
edge(130282,134189,1303).
edge(134189,130282,1303).
edge(130283,132235,1393).
edge(132235,130283,1393).
edge(130283,134190,1301).
edge(134190,130283,1301).
edge(130284,132236,1395).
edge(132236,130284,1395).
edge(130284,134191,1299).
edge(134191,130284,1299).
edge(130285,132237,1396).
edge(132237,130285,1396).
edge(130285,134192,1297).
edge(134192,130285,1297).
edge(130286,132238,1397).
edge(132238,130286,1397).
edge(130286,134193,1295).
edge(134193,130286,1295).
edge(130287,132239,1398).
edge(132239,130287,1398).
edge(130287,134194,1293).
edge(134194,130287,1293).
edge(130288,132240,1399).
edge(132240,130288,1399).
edge(130288,134195,1291).
edge(134195,130288,1291).
edge(130289,132198,1400).
edge(132198,130289,1400).
edge(130289,134196,1290).
edge(134196,130289,1290).
edge(130290,132244,1404).
edge(132244,130290,1404).
edge(130290,134197,1286).
edge(134197,130290,1286).
edge(130291,132279,1405).
edge(132279,130291,1405).
edge(130291,134198,1284).
edge(134198,130291,1284).
edge(130292,132280,1407).
edge(132280,130292,1407).
edge(130292,134199,1282).
edge(134199,130292,1282).
edge(130293,132281,1408).
edge(132281,130293,1408).
edge(130293,134200,1281).
edge(134200,130293,1281).
edge(130294,132282,1409).
edge(132282,130294,1409).
edge(130294,134201,1279).
edge(134201,130294,1279).
edge(130297,132283,1411).
edge(132283,130297,1411).
edge(130297,134202,1277).
edge(134202,130297,1277).
edge(130298,132284,1412).
edge(132284,130298,1412).
edge(130298,134203,1275).
edge(134203,130298,1275).
edge(130299,132285,1413).
edge(132285,130299,1413).
edge(130299,134204,1273).
edge(134204,130299,1273).
edge(130300,132243,1415).
edge(132243,130300,1415).
edge(130300,134205,1271).
edge(134205,130300,1271).
edge(130301,132303,1416).
edge(132303,130301,1416).
edge(130301,134206,1268).
edge(134206,130301,1268).
edge(130302,132306,1418).
edge(132306,130302,1418).
edge(130302,134207,1266).
edge(134207,130302,1266).
edge(130303,132323,1419).
edge(132323,130303,1419).
edge(130303,134208,1264).
edge(134208,130303,1264).
edge(130304,132295,1420).
edge(132295,130304,1420).
edge(130304,134209,1262).
edge(134209,130304,1262).
edge(130305,132309,1422).
edge(132309,130305,1422).
edge(130305,134210,1260).
edge(134210,130305,1260).
edge(130306,132326,1423).
edge(132326,130306,1423).
edge(130306,134211,1259).
edge(134211,130306,1259).
edge(130307,132298,1424).
edge(132298,130307,1424).
edge(130307,134212,1257).
edge(134212,130307,1257).
edge(130308,132316,1426).
edge(132316,130308,1426).
edge(130308,134213,1255).
edge(134213,130308,1255).
edge(130309,132286,1427).
edge(132286,130309,1427).
edge(130309,134214,1253).
edge(134214,130309,1253).
edge(130310,132342,1427).
edge(132342,130310,1427).
edge(130310,134215,1249).
edge(134215,130310,1249).
edge(130311,132344,1429).
edge(132344,130311,1429).
edge(130311,134216,1248).
edge(134216,130311,1248).
edge(130312,132356,1430).
edge(132356,130312,1430).
edge(130312,134217,1246).
edge(134217,130312,1246).
edge(130313,132336,1431).
edge(132336,130313,1431).
edge(130313,134218,1244).
edge(134218,130313,1244).
edge(130315,132347,1433).
edge(132347,130315,1433).
edge(130315,134219,1242).
edge(134219,130315,1242).
edge(130316,132358,1435).
edge(132358,130316,1435).
edge(130316,134220,1239).
edge(134220,130316,1239).
edge(130337,132720,1325).
edge(132720,130337,1325).
edge(130337,139784,1603).
edge(139784,130337,1603).
edge(130338,132654,1319).
edge(132654,130338,1319).
edge(130338,139783,1610).
edge(139783,130338,1610).
edge(130339,132708,1312).
edge(132708,130339,1312).
edge(130339,139782,1617).
edge(139782,130339,1617).
edge(130340,132640,1306).
edge(132640,130340,1306).
edge(130340,139781,1624).
edge(139781,130340,1624).
edge(130341,132789,1299).
edge(132789,130341,1299).
edge(130341,139780,1631).
edge(139780,130341,1631).
edge(130343,132726,1292).
edge(132726,130343,1292).
edge(130343,139779,1638).
edge(139779,130343,1638).
edge(130344,132756,1286).
edge(132756,130344,1286).
edge(130344,139778,1645).
edge(139778,130344,1645).
edge(130345,132690,1279).
edge(132690,130345,1279).
edge(130345,139777,1652).
edge(139777,130345,1652).
edge(130346,132623,1273).
edge(132623,130346,1273).
edge(130346,139776,1659).
edge(139776,130346,1659).
edge(130347,132781,1259).
edge(132781,130347,1259).
edge(130347,139774,1673).
edge(139774,130347,1673).
edge(130348,132716,1253).
edge(132716,130348,1253).
edge(130348,139773,1680).
edge(139773,130348,1680).
edge(130349,132650,1246).
edge(132650,130349,1246).
edge(130349,139772,1687).
edge(139772,130349,1687).
edge(130350,132586,1240).
edge(132586,130350,1240).
edge(130350,139771,1694).
edge(139771,130350,1694).
edge(130351,132616,1233).
edge(132616,130351,1233).
edge(130351,139770,1701).
edge(139770,130351,1701).
edge(130352,132792,1226).
edge(132792,130352,1226).
edge(130352,139769,1708).
edge(139769,130352,1708).
edge(130353,137147,2280).
edge(137147,130353,2280).
edge(130353,139768,1722).
edge(139768,130353,1722).
edge(130388,133154,1421).
edge(133154,130388,1421).
edge(130388,139766,1500).
edge(139766,130388,1500).
edge(130389,133088,1424).
edge(133088,130389,1424).
edge(130389,139765,1495).
edge(139765,130389,1495).
edge(130390,133142,1427).
edge(133142,130390,1427).
edge(130390,139764,1489).
edge(139764,130390,1489).
edge(130391,133074,1430).
edge(133074,130391,1430).
edge(130391,139763,1484).
edge(139763,130391,1484).
edge(130392,133223,1434).
edge(133223,130392,1434).
edge(130392,139762,1479).
edge(139762,130392,1479).
edge(130393,133160,1437).
edge(133160,130393,1437).
edge(130393,139761,1473).
edge(139761,130393,1473).
edge(130394,133190,1440).
edge(133190,130394,1440).
edge(130394,139760,1468).
edge(139760,130394,1468).
edge(130395,133124,1443).
edge(133124,130395,1443).
edge(130395,139759,1463).
edge(139759,130395,1463).
edge(130396,133057,1446).
edge(133057,130396,1446).
edge(130396,139758,1457).
edge(139758,130396,1457).
edge(130397,133215,1453).
edge(133215,130397,1453).
edge(130397,139756,1447).
edge(139756,130397,1447).
edge(130398,133150,1456).
edge(133150,130398,1456).
edge(130398,139755,1441).
edge(139755,130398,1441).
edge(130399,133084,1459).
edge(133084,130399,1459).
edge(130399,139754,1436).
edge(139754,130399,1436).
edge(130400,133020,1462).
edge(133020,130400,1462).
edge(130400,139753,1431).
edge(139753,130400,1431).
edge(130401,133050,1465).
edge(133050,130401,1465).
edge(130401,139752,1425).
edge(139752,130401,1425).
edge(130402,133226,1468).
edge(133226,130402,1468).
edge(130402,139751,1420).
edge(139751,130402,1420).
edge(130405,132585,1251).
edge(132585,130405,1251).
edge(130405,139984,1139).
edge(139984,130405,1139).
edge(130406,132793,1251).
edge(132793,130406,1251).
edge(130406,139985,1138).
edge(139985,130406,1138).
edge(130407,132703,1251).
edge(132703,130407,1251).
edge(130407,139986,1136).
edge(139986,130407,1136).
edge(130408,132723,1251).
edge(132723,130408,1251).
edge(130408,139987,1134).
edge(139987,130408,1134).
edge(130409,132740,1251).
edge(132740,130409,1251).
edge(130409,139988,1133).
edge(139988,130409,1133).
edge(130410,132651,1251).
edge(132651,130410,1251).
edge(130410,139989,1131).
edge(139989,130410,1131).
edge(130411,132777,1251).
edge(132777,130411,1251).
edge(130411,139990,1129).
edge(139990,130411,1129).
edge(130412,132707,1251).
edge(132707,130412,1251).
edge(130412,139991,1128).
edge(139991,130412,1128).
edge(130413,132615,1252).
edge(132615,130413,1252).
edge(130413,139992,1126).
edge(139992,130413,1126).
edge(130414,132639,1252).
edge(132639,130414,1252).
edge(130414,139993,1124).
edge(139993,130414,1124).
edge(130415,132721,1252).
edge(132721,130415,1252).
edge(130415,139994,1123).
edge(139994,130415,1123).
edge(130416,132610,1252).
edge(132610,130416,1252).
edge(130416,139995,1121).
edge(139995,130416,1121).
edge(130417,132735,1252).
edge(132735,130417,1252).
edge(130417,139996,1119).
edge(139996,130417,1119).
edge(130418,132583,1252).
edge(132583,130418,1252).
edge(130418,139997,1117).
edge(139997,130418,1117).
edge(130419,132710,1252).
edge(132710,130419,1252).
edge(130419,139998,1116).
edge(139998,130419,1116).
edge(130420,132587,1253).
edge(132587,130420,1253).
edge(130420,139999,1114).
edge(139999,130420,1114).
edge(130421,132679,1253).
edge(132679,130421,1253).
edge(130421,140000,1112).
edge(140000,130421,1112).
edge(130423,133019,1261).
edge(133019,130423,1261).
edge(130423,140002,1105).
edge(140002,130423,1105).
edge(130424,133227,1261).
edge(133227,130424,1261).
edge(130424,140003,1103).
edge(140003,130424,1103).
edge(130425,133137,1261).
edge(133137,130425,1261).
edge(130425,140004,1101).
edge(140004,130425,1101).
edge(130426,133157,1262).
edge(133157,130426,1262).
edge(130426,140005,1100).
edge(140005,130426,1100).
edge(130427,133174,1262).
edge(133174,130427,1262).
edge(130427,140006,1098).
edge(140006,130427,1098).
edge(130428,133085,1262).
edge(133085,130428,1262).
edge(130428,140007,1096).
edge(140007,130428,1096).
edge(130429,133211,1262).
edge(133211,130429,1262).
edge(130429,140008,1094).
edge(140008,130429,1094).
edge(130430,133141,1262).
edge(133141,130430,1262).
edge(130430,140009,1092).
edge(140009,130430,1092).
edge(130431,133049,1262).
edge(133049,130431,1262).
edge(130431,140010,1090).
edge(140010,130431,1090).
edge(130432,133073,1262).
edge(133073,130432,1262).
edge(130432,140011,1089).
edge(140011,130432,1089).
edge(130433,133155,1262).
edge(133155,130433,1262).
edge(130433,140012,1087).
edge(140012,130433,1087).
edge(130434,133044,1262).
edge(133044,130434,1262).
edge(130434,140013,1085).
edge(140013,130434,1085).
edge(130435,133169,1262).
edge(133169,130435,1262).
edge(130435,140014,1083).
edge(140014,130435,1083).
edge(130436,133017,1262).
edge(133017,130436,1262).
edge(130436,140015,1082).
edge(140015,130436,1082).
edge(130437,133144,1262).
edge(133144,130437,1262).
edge(130437,140016,1080).
edge(140016,130437,1080).
edge(130438,133021,1262).
edge(133021,130438,1262).
edge(130438,140017,1078).
edge(140017,130438,1078).
edge(130439,133113,1263).
edge(133113,130439,1263).
edge(130439,140018,1076).
edge(140018,130439,1076).
edge(130440,133629,1033).
edge(133629,130440,1033).
edge(130440,140120,1281).
edge(140120,130440,1281).
edge(130441,133706,1034).
edge(133706,130441,1034).
edge(130441,140121,1282).
edge(140121,130441,1282).
edge(130442,133640,1035).
edge(133640,130442,1035).
edge(130442,140122,1283).
edge(140122,130442,1283).
edge(130443,133694,1036).
edge(133694,130443,1036).
edge(130443,140123,1283).
edge(140123,130443,1283).
edge(130444,133625,1037).
edge(133625,130444,1037).
edge(130444,140124,1284).
edge(140124,130444,1284).
edge(130445,133775,1038).
edge(133775,130445,1038).
edge(130445,140125,1284).
edge(140125,130445,1284).
edge(130446,133711,1039).
edge(133711,130446,1039).
edge(130446,140126,1285).
edge(140126,130446,1285).
edge(130447,133741,1040).
edge(133741,130447,1040).
edge(130447,140127,1286).
edge(140127,130447,1286).
edge(130448,133676,1041).
edge(133676,130448,1041).
edge(130448,140128,1286).
edge(140128,130448,1286).
edge(130449,133608,1042).
edge(133608,130449,1042).
edge(130449,140129,1287).
edge(140129,130449,1287).
edge(130450,133759,1042).
edge(133759,130450,1042).
edge(130450,140130,1288).
edge(140130,130450,1288).
edge(130451,133767,1043).
edge(133767,130451,1043).
edge(130451,140131,1288).
edge(140131,130451,1288).
edge(130453,133702,1045).
edge(133702,130453,1045).
edge(130453,140132,1289).
edge(140132,130453,1289).
edge(130454,133636,1046).
edge(133636,130454,1046).
edge(130454,140133,1289).
edge(140133,130454,1289).
edge(130455,133571,1048).
edge(133571,130455,1048).
edge(130455,140134,1289).
edge(140134,130455,1289).
edge(130456,133601,1049).
edge(133601,130456,1049).
edge(130456,140135,1289).
edge(140135,130456,1289).
edge(130457,133778,1051).
edge(133778,130457,1051).
edge(130457,140136,1289).
edge(140136,130457,1289).
edge(130458,133294,1112).
edge(133294,130458,1112).
edge(130458,140138,1230).
edge(140138,130458,1230).
edge(130459,133373,1115).
edge(133373,130459,1115).
edge(130459,140139,1229).
edge(140139,130459,1229).
edge(130460,133305,1117).
edge(133305,130460,1117).
edge(130460,140140,1229).
edge(140140,130460,1229).
edge(130461,133360,1119).
edge(133360,130461,1119).
edge(130461,140141,1228).
edge(140141,130461,1228).
edge(130462,133290,1121).
edge(133290,130462,1121).
edge(130462,140142,1228).
edge(140142,130462,1228).
edge(130463,133447,1123).
edge(133447,130463,1123).
edge(130463,140143,1227).
edge(140143,130463,1227).
edge(130464,133379,1126).
edge(133379,130464,1126).
edge(130464,140144,1226).
edge(140144,130464,1226).
edge(130465,133411,1128).
edge(133411,130465,1128).
edge(130465,140145,1226).
edge(140145,130465,1226).
edge(130466,133342,1130).
edge(133342,130466,1130).
edge(130466,140146,1225).
edge(140146,130466,1225).
edge(130467,133272,1132).
edge(133272,130467,1132).
edge(130467,140147,1225).
edge(140147,130467,1225).
edge(130468,133429,1134).
edge(133429,130468,1134).
edge(130468,140148,1224).
edge(140148,130468,1224).
edge(130469,133438,1137).
edge(133438,130469,1137).
edge(130469,140149,1224).
edge(140149,130469,1224).
edge(130470,133369,1139).
edge(133369,130470,1139).
edge(130470,140150,1223).
edge(140150,130470,1223).
edge(130471,133301,1141).
edge(133301,130471,1141).
edge(130471,140151,1223).
edge(140151,130471,1223).
edge(130472,133232,1143).
edge(133232,130472,1143).
edge(130472,140152,1222).
edge(140152,130472,1222).
edge(130473,133265,1146).
edge(133265,130473,1146).
edge(130473,140153,1222).
edge(140153,130473,1222).
edge(130474,133450,1148).
edge(133450,130474,1148).
edge(130474,140154,1221).
edge(140154,130474,1221).
edge(130476,133834,1292).
edge(133834,130476,1292).
edge(130476,140536,1313).
edge(140536,130476,1313).
edge(130477,133826,1289).
edge(133826,130477,1289).
edge(130477,140537,1319).
edge(140537,130477,1319).
edge(130478,133856,1285).
edge(133856,130478,1285).
edge(130478,140538,1324).
edge(140538,130478,1324).
edge(130479,133843,1282).
edge(133843,130479,1282).
edge(130479,140539,1329).
edge(140539,130479,1329).
edge(130480,133855,1279).
edge(133855,130480,1279).
edge(130480,140540,1334).
edge(140540,130480,1334).
edge(130481,133828,1275).
edge(133828,130481,1275).
edge(130481,140541,1339).
edge(140541,130481,1339).
edge(130482,133779,1276).
edge(133779,130482,1276).
edge(130482,140543,1349).
edge(140543,130482,1349).
edge(130483,133689,1271).
edge(133689,130483,1271).
edge(130483,140544,1355).
edge(140544,130483,1355).
edge(130484,133708,1267).
edge(133708,130484,1267).
edge(130484,140545,1360).
edge(140545,130484,1360).
edge(130486,133725,1264).
edge(133725,130486,1264).
edge(130486,140546,1364).
edge(140546,130486,1364).
edge(130487,133637,1261).
edge(133637,130487,1261).
edge(130487,140547,1368).
edge(140547,130487,1368).
edge(130488,133763,1258).
edge(133763,130488,1258).
edge(130488,140548,1372).
edge(140548,130488,1372).
edge(130489,133693,1254).
edge(133693,130489,1254).
edge(130489,140549,1377).
edge(140549,130489,1377).
edge(130490,133600,1251).
edge(133600,130490,1251).
edge(130490,140550,1381).
edge(140550,130490,1381).
edge(130491,133624,1248).
edge(133624,130491,1248).
edge(130491,140551,1385).
edge(140551,130491,1385).
edge(130492,133595,1242).
edge(133595,130492,1242).
edge(130492,140553,1394).
edge(140553,130492,1394).
edge(130493,133720,1238).
edge(133720,130493,1238).
edge(130493,140554,1398).
edge(140554,130493,1398).
edge(130494,133569,1235).
edge(133569,130494,1235).
edge(130494,140555,1402).
edge(140555,130494,1402).
edge(130495,133696,1232).
edge(133696,130495,1232).
edge(130495,140556,1406).
edge(140556,130495,1406).
edge(130497,133572,1229).
edge(133572,130497,1229).
edge(130497,140557,1410).
edge(140557,130497,1410).
edge(130498,133665,1225).
edge(133665,130498,1225).
edge(130498,140558,1415).
edge(140558,130498,1415).
edge(130499,133452,1268).
edge(133452,130499,1268).
edge(130499,140561,1382).
edge(140561,130499,1382).
edge(130500,133355,1264).
edge(133355,130500,1264).
edge(130500,140562,1386).
edge(140562,130500,1386).
edge(130501,133376,1261).
edge(133376,130501,1261).
edge(130501,140563,1390).
edge(140563,130501,1390).
edge(130502,133395,1257).
edge(133395,130502,1257).
edge(130502,140564,1395).
edge(140564,130502,1395).
edge(130504,133302,1254).
edge(133302,130504,1254).
edge(130504,140565,1399).
edge(140565,130504,1399).
edge(130505,133433,1251).
edge(133433,130505,1251).
edge(130505,140566,1403).
edge(140566,130505,1403).
edge(130506,133359,1248).
edge(133359,130506,1248).
edge(130506,140567,1407).
edge(140567,130506,1407).
edge(130507,133264,1245).
edge(133264,130507,1245).
edge(130507,140568,1411).
edge(140568,130507,1411).
edge(130508,133289,1242).
edge(133289,130508,1242).
edge(130508,140569,1415).
edge(140569,130508,1415).
edge(130509,133259,1236).
edge(133259,130509,1236).
edge(130509,140571,1423).
edge(140571,130509,1423).
edge(130510,133389,1232).
edge(133389,130510,1232).
edge(130510,140572,1427).
edge(140572,130510,1427).
edge(130511,133230,1229).
edge(133230,130511,1229).
edge(130511,140573,1431).
edge(140573,130511,1431).
edge(130512,133363,1226).
edge(133363,130512,1226).
edge(130512,140574,1435).
edge(140574,130512,1435).
edge(130514,133233,1223).
edge(133233,130514,1223).
edge(130514,140575,1439).
edge(140575,130514,1439).
edge(130516,133331,1220).
edge(133331,130516,1220).
edge(130516,140576,1443).
edge(140576,130516,1443).
edge(130518,133865,969).
edge(133865,130518,969).
edge(130518,140875,1123).
edge(140875,130518,1123).
edge(130519,133879,966).
edge(133879,130519,966).
edge(130519,140876,1126).
edge(140876,130519,1126).
edge(130520,133880,962).
edge(133880,130520,962).
edge(130520,140877,1128).
edge(140877,130520,1128).
edge(130521,133881,958).
edge(133881,130521,958).
edge(130521,140878,1130).
edge(140878,130521,1130).
edge(130523,133882,949).
edge(133882,130523,949).
edge(130523,140879,1138).
edge(140879,130523,1138).
edge(130524,133883,941).
edge(133883,130524,941).
edge(130524,140880,1145).
edge(140880,130524,1145).
edge(130525,133884,932).
edge(133884,130525,932).
edge(130525,140881,1152).
edge(140881,130525,1152).
edge(130526,133885,923).
edge(133885,130526,923).
edge(130526,140882,1160).
edge(140882,130526,1160).
edge(130527,133886,915).
edge(133886,130527,915).
edge(130527,140883,1167).
edge(140883,130527,1167).
edge(130528,133887,904).
edge(133887,130528,904).
edge(130528,140884,1176).
edge(140884,130528,1176).
edge(130529,133888,896).
edge(133888,130529,896).
edge(130529,140885,1183).
edge(140885,130529,1183).
edge(130530,133889,887).
edge(133889,130530,887).
edge(130530,140886,1191).
edge(140886,130530,1191).
edge(130531,133890,878).
edge(133890,130531,878).
edge(130531,140887,1198).
edge(140887,130531,1198).
edge(130532,133891,868).
edge(133891,130532,868).
edge(130532,140888,1207).
edge(140888,130532,1207).
edge(130533,133892,860).
edge(133892,130533,860).
edge(130533,140889,1214).
edge(140889,130533,1214).
edge(130535,133893,862).
edge(133893,130535,862).
edge(130535,140890,1210).
edge(140890,130535,1210).
edge(130536,133894,864).
edge(133894,130536,864).
edge(130536,140891,1207).
edge(140891,130536,1207).
edge(130537,133895,866).
edge(133895,130537,866).
edge(130537,140892,1203).
edge(140892,130537,1203).
edge(130538,133896,868).
edge(133896,130538,868).
edge(130538,140893,1200).
edge(140893,130538,1200).
edge(130539,133897,871).
edge(133897,130539,871).
edge(130539,140894,1196).
edge(140894,130539,1196).
edge(130540,133898,873).
edge(133898,130540,873).
edge(130540,140895,1193).
edge(140895,130540,1193).
edge(130541,133899,875).
edge(133899,130541,875).
edge(130541,140896,1189).
edge(140896,130541,1189).
edge(130542,133866,877).
edge(133866,130542,877).
edge(130542,140897,1186).
edge(140897,130542,1186).
edge(130544,133486,1019).
edge(133486,130544,1019).
edge(130544,140899,1047).
edge(140899,130544,1047).
edge(130545,133526,1009).
edge(133526,130545,1009).
edge(130545,140900,1056).
edge(140900,130545,1056).
edge(130546,133492,999).
edge(133492,130546,999).
edge(130546,140901,1064).
edge(140901,130546,1064).
edge(130547,133520,990).
edge(133520,130547,990).
edge(130547,140902,1073).
edge(140902,130547,1073).
edge(130548,133484,980).
edge(133484,130548,980).
edge(130548,140903,1082).
edge(140903,130548,1082).
edge(130549,133564,970).
edge(133564,130549,970).
edge(130549,140904,1090).
edge(140904,130549,1090).
edge(130550,133529,961).
edge(133529,130550,961).
edge(130550,140905,1099).
edge(140905,130550,1099).
edge(130551,133545,951).
edge(133545,130551,951).
edge(130551,140906,1108).
edge(140906,130551,1108).
edge(130552,133510,941).
edge(133510,130552,941).
edge(130552,140907,1117).
edge(140907,130552,1117).
edge(130553,133474,932).
edge(133474,130553,932).
edge(130553,140908,1125).
edge(140908,130553,1125).
edge(130554,133554,922).
edge(133554,130554,922).
edge(130554,140909,1134).
edge(140909,130554,1134).
edge(130555,133559,912).
edge(133559,130555,912).
edge(130555,140910,1143).
edge(140910,130555,1143).
edge(130556,133524,903).
edge(133524,130556,903).
edge(130556,140911,1152).
edge(140911,130556,1152).
edge(130557,133490,893).
edge(133490,130557,893).
edge(130557,140912,1160).
edge(140912,130557,1160).
edge(130558,133455,883).
edge(133455,130558,883).
edge(130558,140913,1169).
edge(140913,130558,1169).
edge(130559,133470,874).
edge(133470,130559,874).
edge(130559,140914,1178).
edge(140914,130559,1178).
edge(130560,133566,864).
edge(133566,130560,864).
edge(130560,140915,1187).
edge(140915,130560,1187).
edge(130840,130847,982).
edge(130847,130840,982).
edge(130840,134648,1314).
edge(134648,130840,1314).
edge(130841,130848,982).
edge(130848,130841,982).
edge(130841,134621,1316).
edge(134621,130841,1316).
edge(130842,130849,982).
edge(130849,130842,982).
edge(130842,134670,1319).
edge(134670,130842,1319).
edge(130843,130850,982).
edge(130850,130843,982).
edge(130843,134641,1321).
edge(134641,130843,1321).
edge(130844,130851,982).
edge(130851,130844,982).
edge(130844,134688,1324).
edge(134688,130844,1324).
edge(130845,130852,982).
edge(130852,130845,982).
edge(130845,134618,1329).
edge(134618,130845,1329).
edge(130846,130853,982).
edge(130853,130846,982).
edge(130846,134666,1332).
edge(134666,130846,1332).
edge(130847,134653,1123).
edge(134653,130847,1123).
edge(130848,134634,1123).
edge(134634,130848,1123).
edge(130849,134694,1123).
edge(134694,130849,1123).
edge(130850,134628,1123).
edge(134628,130850,1123).
edge(130851,134637,1123).
edge(134637,130851,1123).
edge(130852,134680,1123).
edge(134680,130852,1123).
edge(130853,134645,1123).
edge(134645,130853,1123).
edge(132176,141879,1273).
edge(141879,132176,1273).
edge(132176,139290,1812).
edge(139290,132176,1812).
edge(132177,139289,1774).
edge(139289,132177,1774).
edge(132177,134220,1743).
edge(134220,132177,1743).
edge(132181,141836,1067).
edge(141836,132181,1067).
edge(132181,137232,1460).
edge(137232,132181,1460).
edge(132181,137229,1299).
edge(137229,132181,1299).
edge(132182,141831,1436).
edge(141831,132182,1436).
edge(132182,137248,1677).
edge(137248,132182,1677).
edge(132182,137179,1448).
edge(137179,132182,1448).
edge(132182,137247,1460).
edge(137247,132182,1460).
edge(132183,141815,1444).
edge(141815,132183,1444).
edge(132183,137266,1868).
edge(137266,132183,1868).
edge(132183,137265,1677).
edge(137265,132183,1677).
edge(132196,132200,1350).
edge(132200,132196,1350).
edge(132197,132203,1353).
edge(132203,132197,1353).
edge(132198,132205,1353).
edge(132205,132198,1353).
edge(132199,132202,1350).
edge(132202,132199,1350).
edge(132200,132201,1350).
edge(132201,132200,1350).
edge(132201,132202,1350).
edge(132202,132201,1350).
edge(132203,132204,1353).
edge(132204,132203,1353).
edge(132204,132205,1353).
edge(132205,132204,1353).
edge(132206,132213,1351).
edge(132213,132206,1351).
edge(132207,132214,1351).
edge(132214,132207,1351).
edge(132208,132215,1351).
edge(132215,132208,1351).
edge(132209,132216,1352).
edge(132216,132209,1352).
edge(132210,132217,1352).
edge(132217,132210,1352).
edge(132211,132218,1352).
edge(132218,132211,1352).
edge(132212,132219,1353).
edge(132219,132212,1353).
edge(132213,132220,1351).
edge(132220,132213,1351).
edge(132214,132221,1351).
edge(132221,132214,1351).
edge(132215,132222,1351).
edge(132222,132215,1351).
edge(132216,132223,1352).
edge(132223,132216,1352).
edge(132217,132224,1352).
edge(132224,132217,1352).
edge(132218,132225,1352).
edge(132225,132218,1352).
edge(132219,132226,1353).
edge(132226,132219,1353).
edge(132220,132227,1351).
edge(132227,132220,1351).
edge(132221,132228,1351).
edge(132228,132221,1351).
edge(132222,132229,1351).
edge(132229,132222,1351).
edge(132223,132230,1352).
edge(132230,132223,1352).
edge(132224,132231,1352).
edge(132231,132224,1352).
edge(132225,132232,1352).
edge(132232,132225,1352).
edge(132226,132233,1353).
edge(132233,132226,1353).
edge(132227,132234,1351).
edge(132234,132227,1351).
edge(132228,132235,1351).
edge(132235,132228,1351).
edge(132229,132236,1351).
edge(132236,132229,1351).
edge(132230,132237,1352).
edge(132237,132230,1352).
edge(132231,132238,1352).
edge(132238,132231,1352).
edge(132232,132239,1352).
edge(132239,132232,1352).
edge(132233,132240,1353).
edge(132240,132233,1353).
edge(132241,132245,1352).
edge(132245,132241,1352).
edge(132242,132248,1352).
edge(132248,132242,1352).
edge(132243,132250,1352).
edge(132250,132243,1352).
edge(132244,132247,1352).
edge(132247,132244,1352).
edge(132245,132246,1352).
edge(132246,132245,1352).
edge(132246,132247,1352).
edge(132247,132246,1352).
edge(132248,132249,1352).
edge(132249,132248,1352).
edge(132249,132250,1352).
edge(132250,132249,1352).
edge(132251,132258,1352).
edge(132258,132251,1352).
edge(132252,132259,1352).
edge(132259,132252,1352).
edge(132253,132260,1352).
edge(132260,132253,1352).
edge(132254,132261,1352).
edge(132261,132254,1352).
edge(132255,132262,1352).
edge(132262,132255,1352).
edge(132256,132263,1352).
edge(132263,132256,1352).
edge(132257,132264,1352).
edge(132264,132257,1352).
edge(132258,132265,1352).
edge(132265,132258,1352).
edge(132259,132266,1352).
edge(132266,132259,1352).
edge(132260,132267,1352).
edge(132267,132260,1352).
edge(132261,132268,1352).
edge(132268,132261,1352).
edge(132262,132269,1352).
edge(132269,132262,1352).
edge(132263,132270,1352).
edge(132270,132263,1352).
edge(132264,132271,1352).
edge(132271,132264,1352).
edge(132265,132272,1352).
edge(132272,132265,1352).
edge(132266,132273,1352).
edge(132273,132266,1352).
edge(132267,132274,1352).
edge(132274,132267,1352).
edge(132268,132275,1352).
edge(132275,132268,1352).
edge(132269,132276,1352).
edge(132276,132269,1352).
edge(132270,132277,1352).
edge(132277,132270,1352).
edge(132271,132278,1352).
edge(132278,132271,1352).
edge(132272,132279,1352).
edge(132279,132272,1352).
edge(132273,132280,1352).
edge(132280,132273,1352).
edge(132274,132281,1352).
edge(132281,132274,1352).
edge(132275,132282,1352).
edge(132282,132275,1352).
edge(132276,132283,1352).
edge(132283,132276,1352).
edge(132277,132284,1352).
edge(132284,132277,1352).
edge(132278,132285,1352).
edge(132285,132278,1352).
edge(132286,132291,1352).
edge(132291,132286,1352).
edge(132287,132299,1352).
edge(132299,132287,1352).
edge(132287,132295,1352).
edge(132295,132287,1352).
edge(132288,132315,1352).
edge(132315,132288,1352).
edge(132288,132303,1352).
edge(132303,132288,1352).
edge(132289,132329,1352).
edge(132329,132289,1352).
edge(132289,132316,1352).
edge(132316,132289,1352).
edge(132290,132307,1352).
edge(132307,132290,1352).
edge(132290,132321,1352).
edge(132321,132290,1352).
edge(132291,132322,1352).
edge(132322,132291,1352).
edge(132292,132307,1352).
edge(132307,132292,1352).
edge(132293,132311,1352).
edge(132311,132293,1352).
edge(132293,132298,1352).
edge(132298,132293,1352).
edge(132294,132308,1352).
edge(132308,132294,1352).
edge(132294,132314,1352).
edge(132314,132294,1352).
edge(132296,132328,1352).
edge(132328,132296,1352).
edge(132296,132329,1352).
edge(132329,132296,1352).
edge(132297,132330,1352).
edge(132330,132297,1352).
edge(132299,132330,1352).
edge(132330,132299,1352).
edge(132300,132320,1352).
edge(132320,132300,1352).
edge(132301,132314,1352).
edge(132314,132301,1352).
edge(132301,132306,1352).
edge(132306,132301,1352).
edge(132302,132319,1352).
edge(132319,132302,1352).
edge(132302,132317,1352).
edge(132317,132302,1352).
edge(132304,132317,1352).
edge(132317,132304,1352).
edge(132304,132309,1352).
edge(132309,132304,1352).
edge(132305,132313,1352).
edge(132313,132305,1352).
edge(132305,132322,1352).
edge(132322,132305,1352).
edge(132310,132324,1352).
edge(132324,132310,1352).
edge(132311,132324,1352).
edge(132324,132311,1352).
edge(132312,132325,1352).
edge(132325,132312,1352).
edge(132312,132327,1352).
edge(132327,132312,1352).
edge(132315,132320,1352).
edge(132320,132315,1352).
edge(132318,132327,1352).
edge(132327,132318,1352).
edge(132318,132323,1352).
edge(132323,132318,1352).
edge(132321,132326,1352).
edge(132326,132321,1352).
edge(132331,132338,1352).
edge(132338,132331,1352).
edge(132331,132336,1352).
edge(132336,132331,1352).
edge(132332,132350,1352).
edge(132350,132332,1352).
edge(132332,132342,1352).
edge(132342,132332,1352).
edge(132333,132345,1352).
edge(132345,132333,1352).
edge(132333,132355,1352).
edge(132355,132333,1352).
edge(132334,132345,1352).
edge(132345,132334,1352).
edge(132335,132346,1352).
edge(132346,132335,1352).
edge(132335,132349,1352).
edge(132349,132335,1352).
edge(132337,132360,1352).
edge(132360,132337,1352).
edge(132338,132360,1352).
edge(132360,132338,1352).
edge(132339,132354,1352).
edge(132354,132339,1352).
edge(132340,132349,1352).
edge(132349,132340,1352).
edge(132340,132344,1352).
edge(132344,132340,1352).
edge(132341,132353,1352).
edge(132353,132341,1352).
edge(132341,132351,1352).
edge(132351,132341,1352).
edge(132343,132351,1352).
edge(132351,132343,1352).
edge(132343,132347,1352).
edge(132347,132343,1352).
edge(132348,132357,1352).
edge(132357,132348,1352).
edge(132348,132359,1352).
edge(132359,132348,1352).
edge(132350,132354,1352).
edge(132354,132350,1352).
edge(132352,132359,1352).
edge(132359,132352,1352).
edge(132352,132356,1352).
edge(132356,132352,1352).
edge(132355,132358,1352).
edge(132358,132355,1352).
edge(132361,132364,1350).
edge(132364,132361,1350).
edge(132361,139184,1989).
edge(139184,132361,1989).
edge(132362,132366,1350).
edge(132366,132362,1350).
edge(132362,139269,2015).
edge(139269,132362,2015).
edge(132363,132370,1350).
edge(132370,132363,1350).
edge(132364,132365,1350).
edge(132365,132364,1350).
edge(132366,132367,1350).
edge(132367,132366,1350).
edge(132367,132368,1350).
edge(132368,132367,1350).
edge(132368,132369,1350).
edge(132369,132368,1350).
edge(132369,132370,1350).
edge(132370,132369,1350).
edge(132371,132386,1350).
edge(132386,132371,1350).
edge(132371,139185,1990).
edge(139185,132371,1990).
edge(132372,132387,1350).
edge(132387,132372,1350).
edge(132372,139255,1991).
edge(139255,132372,1991).
edge(132373,132388,1350).
edge(132388,132373,1350).
edge(132373,139256,1992).
edge(139256,132373,1992).
edge(132374,132389,1350).
edge(132389,132374,1350).
edge(132374,139257,1993).
edge(139257,132374,1993).
edge(132375,132390,1350).
edge(132390,132375,1350).
edge(132375,139258,1995).
edge(139258,132375,1995).
edge(132376,132391,1350).
