edge(1,2,320).
edge(2,1,320).
edge(1,493,252).
edge(493,1,252).
edge(2,3,281).
edge(3,2,281).
edge(3,4,626).
edge(4,3,626).
edge(4,5,639).
edge(5,4,639).
edge(5,6,489).
edge(6,5,489).
edge(6,7,469).
edge(7,6,469).
edge(6,366,480).
edge(366,6,480).
edge(7,8,440).
edge(8,7,440).
edge(8,9,652).
edge(9,8,652).
edge(8,15,362).
edge(15,8,362).
edge(9,10,399).
edge(10,9,399).
edge(9,696,619).
edge(696,9,619).
edge(10,11,403).
edge(11,10,403).
edge(11,12,446).
edge(12,11,446).
edge(12,13,271).
edge(13,12,271).
edge(13,14,260).
edge(14,13,260).
edge(14,747,344).
edge(747,14,344).
edge(15,582,343).
edge(582,15,343).
edge(16,17,415).
edge(17,16,415).
edge(16,557,328).
edge(557,16,328).
edge(17,18,420).
edge(18,17,420).
edge(18,19,488).
edge(19,18,488).
edge(19,20,710).
edge(20,19,710).
edge(20,21,813).
edge(21,20,813).
edge(20,81,717).
edge(81,20,717).
edge(21,22,862).
edge(22,21,862).
edge(21,122,1080).
edge(122,21,1080).
edge(22,23,828).
edge(23,22,828).
edge(22,118,815).
edge(118,22,815).
edge(23,24,935).
edge(24,23,935).
edge(23,404,640).
edge(404,23,640).
edge(24,25,964).
edge(25,24,964).
edge(25,26,1259).
edge(26,25,1259).
edge(26,27,1351).
edge(27,26,1351).
edge(27,28,1439).
edge(28,27,1439).
edge(28,497,1172).
edge(497,28,1172).
edge(29,30,518).
edge(30,29,518).
edge(29,564,386).
edge(564,29,386).
edge(30,31,406).
edge(31,30,406).
edge(30,161,643).
edge(161,30,643).
edge(30,174,799).
edge(174,30,799).
edge(31,32,407).
edge(32,31,407).
edge(32,33,616).
edge(33,32,616).
edge(32,178,634).
edge(178,32,634).
edge(33,34,603).
edge(34,33,603).
edge(33,85,791).
edge(85,33,791).
edge(34,35,611).
edge(35,34,611).
edge(34,183,677).
edge(183,34,677).
edge(35,36,605).
edge(36,35,605).
edge(36,37,1090).
edge(37,36,1090).
edge(37,38,1169).
edge(38,37,1169).
edge(37,157,1195).
edge(157,37,1195).
edge(37,403,564).
edge(403,37,564).
edge(38,39,1391).
edge(39,38,1391).
edge(39,40,1470).
edge(40,39,1470).
edge(39,153,1396).
edge(153,39,1396).
edge(40,41,1485).
edge(41,40,1485).
edge(41,494,1987).
edge(494,41,1987).
edge(42,43,632).
edge(43,42,632).
edge(42,413,372).
edge(413,42,372).
edge(43,44,776).
edge(44,43,776).
edge(44,45,592).
edge(45,44,592).
edge(45,46,785).
edge(46,45,785).
edge(45,237,587).
edge(237,45,587).
edge(46,47,684).
edge(47,46,684).
edge(47,752,288).
edge(752,47,288).
edge(49,50,272).
edge(50,49,272).
edge(49,752,288).
edge(752,49,288).
edge(50,51,248).
edge(51,50,248).
edge(51,52,249).
edge(52,51,249).
edge(52,53,187).
edge(53,52,187).
edge(53,488,179).
edge(488,53,179).
edge(54,55,421).
edge(55,54,421).
edge(54,422,369).
edge(422,54,369).
edge(55,56,509).
edge(56,55,509).
edge(56,57,672).
edge(57,56,672).
edge(57,58,687).
edge(58,57,687).
edge(58,59,707).
edge(59,58,707).
edge(58,231,283).
edge(231,58,283).
edge(59,60,661).
edge(60,59,661).
edge(60,61,503).
edge(61,60,503).
edge(61,62,341).
edge(62,61,341).
edge(62,63,323).
edge(63,62,323).
edge(63,64,282).
edge(64,63,282).
edge(64,483,272).
edge(483,64,272).
edge(65,66,173).
edge(66,65,173).
edge(65,486,146).
edge(486,65,146).
edge(66,67,153).
edge(67,66,153).
edge(67,68,272).
edge(68,67,272).
edge(68,69,241).
edge(69,68,241).
edge(69,70,276).
edge(70,69,276).
edge(70,71,314).
edge(71,70,314).
edge(70,383,631).
edge(383,70,631).
edge(70,360,488).
edge(360,70,488).
edge(71,188,467).
edge(188,71,467).
edge(72,73,216).
edge(73,72,216).
edge(72,191,448).
edge(191,72,448).
edge(73,74,208).
edge(74,73,208).
edge(74,75,221).
edge(75,74,221).
edge(75,490,236).
edge(490,75,236).
edge(76,77,378).
edge(77,76,378).
edge(76,556,338).
edge(556,76,338).
edge(77,78,375).
edge(78,77,375).
edge(78,79,462).
edge(79,78,462).
edge(79,80,547).
edge(80,79,547).
edge(80,81,659).
edge(81,80,659).
edge(82,83,715).
edge(83,82,715).
edge(82,747,665).
edge(747,82,665).
edge(83,84,682).
edge(84,83,682).
edge(84,85,594).
edge(85,84,594).
edge(86,87,503).
edge(87,86,503).
edge(86,622,722).
edge(622,86,722).
edge(87,88,611).
edge(88,87,611).
edge(88,89,899).
edge(89,88,899).
edge(89,590,1357).
edge(590,89,1357).
edge(90,91,703).
edge(91,90,703).
edge(90,96,1335).
edge(96,90,1335).
edge(90,621,1152).
edge(621,90,1152).
edge(91,92,901).
edge(92,91,901).
edge(91,97,844).
edge(97,91,844).
edge(92,93,749).
edge(93,92,749).
edge(93,94,785).
edge(94,93,785).
edge(94,95,778).
edge(95,94,778).
edge(95,495,425).
edge(495,95,425).
edge(96,641,1116).
edge(641,96,1116).
edge(97,612,860).
edge(612,97,860).
edge(98,99,491).
edge(99,98,491).
edge(98,101,719).
edge(101,98,719).
edge(98,606,739).
edge(606,98,739).
edge(99,100,612).
edge(100,99,612).
edge(100,633,586).
edge(633,100,586).
edge(101,614,616).
edge(614,101,616).
edge(102,103,744).
edge(103,102,744).
edge(102,581,709).
edge(581,102,709).
edge(103,104,557).
edge(104,103,557).
edge(104,105,575).
edge(105,104,575).
edge(105,574,493).
edge(574,105,493).
edge(105,112,240).
edge(112,105,240).
edge(106,107,321).
edge(107,106,321).
edge(106,113,358).
edge(113,106,358).
edge(106,663,340).
edge(663,106,340).
edge(107,109,295).
edge(109,107,295).
edge(107,108,384).
edge(108,107,384).
edge(108,583,347).
edge(583,108,347).
edge(109,110,253).
edge(110,109,253).
edge(110,111,189).
edge(111,110,189).
edge(111,112,184).
edge(112,111,184).
edge(113,675,347).
edge(675,113,347).
edge(114,626,430).
edge(626,114,430).
edge(114,115,432).
edge(115,114,432).
edge(114,239,591).
edge(239,114,591).
edge(115,555,441).
edge(555,115,441).
edge(116,117,690).
edge(117,116,690).
edge(116,580,749).
edge(580,116,749).
edge(117,747,818).
edge(747,117,818).
edge(118,119,847).
edge(119,118,847).
edge(119,120,755).
edge(120,119,755).
edge(120,121,726).
edge(121,120,726).
edge(121,548,796).
edge(548,121,796).
edge(122,123,791).
edge(123,122,791).
edge(123,124,452).
edge(124,123,452).
edge(124,125,668).
edge(125,124,668).
edge(125,549,732).
edge(549,125,732).
edge(148,149,516).
edge(149,148,516).
edge(148,638,603).
edge(638,148,603).
edge(149,150,802).
edge(150,149,802).
edge(150,151,663).
edge(151,150,663).
edge(151,152,854).
edge(152,151,854).
edge(152,532,969).
edge(532,152,969).
edge(153,154,1290).
edge(154,153,1290).
edge(154,155,1349).
edge(155,154,1349).
edge(154,402,328).
edge(402,154,328).
edge(155,156,1431).
edge(156,155,1431).
edge(156,546,1136).
edge(546,156,1136).
edge(157,158,1043).
edge(158,157,1043).
edge(158,159,890).
edge(159,158,890).
edge(159,160,793).
edge(160,159,793).
edge(160,545,994).
edge(545,160,994).
edge(161,162,728).
edge(162,161,728).
edge(162,163,595).
edge(163,162,595).
edge(162,169,653).
edge(169,162,653).
edge(163,164,726).
edge(164,163,726).
edge(164,165,538).
edge(165,164,538).
edge(165,166,709).
edge(166,165,709).
edge(166,167,607).
edge(167,166,607).
edge(167,168,991).
edge(168,167,991).
edge(168,539,1201).
edge(539,168,1201).
edge(169,170,399).
edge(170,169,399).
edge(170,171,487).
edge(171,170,487).
edge(171,172,547).
edge(172,171,547).
edge(172,173,1365).
edge(173,172,1365).
edge(173,538,1083).
edge(538,173,1083).
edge(174,175,577).
edge(175,174,577).
edge(175,176,661).
edge(176,175,661).
edge(176,177,499).
edge(177,176,499).
edge(177,542,528).
edge(542,177,528).
edge(178,179,424).
edge(179,178,424).
edge(179,180,427).
edge(180,179,427).
edge(180,181,436).
edge(181,180,436).
edge(181,182,523).
edge(182,181,523).
edge(182,543,594).
edge(543,182,594).
edge(183,184,836).
edge(184,183,836).
edge(184,185,885).
edge(185,184,885).
edge(185,544,994).
edge(544,185,994).
edge(186,187,755).
edge(187,186,755).
edge(186,221,548).
edge(221,186,548).
edge(186,494,1053).
edge(494,186,1053).
edge(187,188,553).
edge(188,187,553).
edge(189,190,852).
edge(190,189,852).
edge(189,226,559).
edge(226,189,559).
edge(189,497,1311).
edge(497,189,1311).
edge(190,191,660).
edge(191,190,660).
edge(191,405,613).
edge(405,191,613).
edge(192,193,2751).
edge(193,192,2751).
edge(193,194,1987).
edge(194,193,1987).
edge(194,322,1490).
edge(322,194,1490).
edge(194,204,581).
edge(204,194,581).
edge(195,348,707).
edge(348,195,707).
edge(195,293,3170).
edge(293,195,3170).
edge(195,296,1490).
edge(296,195,1490).
edge(195,322,1490).
edge(322,195,1490).
edge(195,496,2830).
edge(496,195,2830).
edge(196,197,498).
edge(197,196,498).
edge(196,496,507).
edge(496,196,507).
edge(197,778,508).
edge(778,197,508).
edge(199,200,414).
edge(200,199,414).
edge(199,778,392).
edge(778,199,392).
edge(200,201,422).
edge(201,200,422).
edge(201,202,382).
edge(202,201,382).
edge(202,203,557).
edge(203,202,557).
edge(202,215,510).
edge(215,202,510).
edge(203,204,561).
edge(204,203,561).
edge(205,206,276).
edge(206,205,276).
edge(205,585,556).
edge(585,205,556).
edge(206,207,277).
edge(207,206,277).
edge(207,208,291).
edge(208,207,291).
edge(208,209,340).
edge(209,208,340).
edge(209,210,400).
edge(210,209,400).
edge(210,211,413).
edge(211,210,413).
edge(211,212,456).
edge(212,211,456).
edge(212,213,358).
edge(213,212,358).
edge(213,214,287).
edge(214,213,287).
edge(214,215,325).
edge(215,214,325).
edge(216,217,254).
edge(217,216,254).
edge(216,467,284).
edge(467,216,284).
edge(217,218,316).
edge(218,217,316).
edge(218,219,265).
edge(219,218,265).
edge(219,220,232).
edge(220,219,232).
edge(219,397,310).
edge(397,219,310).
edge(220,221,210).
edge(221,220,210).
edge(222,223,274).
edge(223,222,274).
edge(222,479,287).
edge(479,222,287).
edge(223,224,239).
edge(224,223,239).
edge(224,225,256).
edge(225,224,256).
edge(225,226,328).
edge(226,225,328).
edge(227,228,334).
edge(228,227,334).
edge(227,438,370).
edge(438,227,370).
edge(228,229,348).
edge(229,228,348).
edge(229,230,384).
edge(230,229,384).
edge(230,231,277).
edge(231,230,277).
edge(232,233,233).
edge(233,232,233).
edge(232,426,200).
edge(426,232,200).
edge(233,234,264).
edge(234,233,264).
edge(234,235,275).
edge(235,234,275).
edge(235,236,284).
edge(236,235,284).
edge(236,237,356).
edge(237,236,356).
edge(238,239,740).
edge(239,238,740).
edge(238,573,981).
edge(573,238,981).
edge(240,296,497).
edge(296,240,497).
edge(240,295,993).
edge(295,240,993).
edge(240,585,2830).
edge(585,240,2830).
edge(241,295,993).
edge(295,241,993).
edge(241,294,497).
edge(294,241,497).
edge(241,586,2830).
edge(586,241,2830).
edge(242,587,2830).
edge(587,242,2830).
edge(242,254,464).
edge(254,242,464).
edge(242,294,1490).
edge(294,242,1490).
edge(242,584,3170).
edge(584,242,3170).
edge(243,244,283).
edge(244,243,283).
edge(243,310,245).
edge(310,243,245).
edge(244,245,369).
edge(245,244,369).
edge(245,496,411).
edge(496,245,411).
edge(246,247,290).
edge(247,246,290).
edge(246,299,667).
edge(299,246,667).
edge(247,248,288).
edge(248,247,288).
edge(247,272,430).
edge(272,247,430).
edge(248,249,297).
edge(249,248,297).
edge(249,250,423).
edge(250,249,423).
edge(250,251,499).
edge(251,250,499).
edge(251,252,624).
edge(252,251,624).
edge(251,262,986).
edge(262,251,986).
edge(252,253,535).
edge(253,252,535).
edge(252,305,493).
edge(305,252,493).
edge(253,496,749).
edge(496,253,749).
edge(254,255,518).
edge(255,254,518).
edge(255,256,396).
edge(256,255,396).
edge(256,257,358).
edge(257,256,358).
edge(257,258,348).
edge(258,257,348).
edge(258,259,414).
edge(259,258,414).
edge(258,282,531).
edge(282,258,531).
edge(259,260,527).
edge(260,259,527).
edge(259,273,800).
edge(273,259,800).
edge(260,261,687).
edge(261,260,687).
edge(261,262,784).
edge(262,261,784).
edge(263,264,320).
edge(264,263,320).
edge(263,495,442).
edge(495,263,442).
edge(264,267,450).
edge(267,264,450).
edge(264,265,339).
edge(265,264,339).
edge(265,266,343).
edge(266,265,343).
edge(266,309,437).
edge(309,266,437).
edge(267,268,384).
edge(268,267,384).
edge(267,275,1263).
edge(275,267,1263).
edge(268,269,358).
edge(269,268,358).
edge(269,270,415).
edge(270,269,415).
edge(270,271,560).
edge(271,270,560).
edge(271,272,682).
edge(272,271,682).
edge(273,274,1083).
edge(274,273,1083).
edge(274,275,961).
edge(275,274,961).
edge(276,277,759).
edge(277,276,759).
edge(276,554,560).
edge(554,276,560).
edge(277,278,772).
edge(278,277,772).
edge(278,279,817).
edge(279,278,817).
edge(279,280,635).
edge(280,279,635).
edge(280,281,700).
edge(281,280,700).
edge(281,282,464).
edge(282,281,464).
edge(283,284,447).
edge(284,283,447).
edge(283,347,399).
edge(347,283,399).
edge(284,285,319).
edge(285,284,319).
edge(285,286,395).
edge(286,285,395).
edge(286,287,441).
edge(287,286,441).
edge(287,288,513).
edge(288,287,513).
edge(287,355,368).
edge(355,287,368).
edge(288,289,726).
edge(289,288,726).
edge(289,554,2024).
edge(554,289,2024).
edge(290,294,3170).
edge(294,290,3170).
edge(291,295,3170).
edge(295,291,3170).
edge(292,296,3170).
edge(296,292,3170).
edge(294,297,469).
edge(297,294,469).
edge(294,323,439).
edge(323,294,439).
edge(295,333,400).
edge(333,295,400).
edge(295,300,384).
edge(300,295,384).
edge(296,313,791).
edge(313,296,791).
edge(296,344,744).
edge(344,296,744).
edge(296,381,2830).
edge(381,296,2830).
edge(297,298,471).
edge(298,297,471).
edge(298,299,559).
edge(299,298,559).
edge(300,301,389).
edge(301,300,389).
edge(301,302,594).
edge(302,301,594).
edge(302,306,729).
edge(306,302,729).
edge(302,303,447).
edge(303,302,447).
edge(303,304,555).
edge(304,303,555).
edge(304,305,466).
edge(305,304,466).
edge(306,307,593).
edge(307,306,593).
edge(307,308,511).
edge(308,307,511).
edge(308,309,481).
edge(309,308,481).
edge(310,311,362).
edge(311,310,362).
edge(311,312,573).
edge(312,311,573).
edge(312,313,647).
edge(313,312,647).
edge(312,320,963).
edge(320,312,963).
edge(314,315,260).
edge(315,314,260).
edge(314,495,463).
edge(495,314,463).
edge(315,316,255).
edge(316,315,255).
edge(316,317,233).
edge(317,316,233).
edge(317,318,348).
edge(318,317,348).
edge(318,319,430).
edge(319,318,430).
edge(319,320,505).
edge(320,319,505).
edge(321,322,3170).
edge(322,321,3170).
edge(322,486,2830).
edge(486,322,2830).
edge(322,356,433).
edge(356,322,433).
edge(323,324,430).
edge(324,323,430).
edge(324,325,370).
edge(325,324,370).
edge(325,326,354).
edge(326,325,354).
edge(326,327,317).
edge(327,326,317).
edge(327,328,293).
edge(328,327,293).
edge(328,329,450).
edge(329,328,450).
edge(329,330,495).
edge(330,329,495).
edge(330,331,614).
edge(331,330,614).
edge(331,332,1548).
edge(332,331,1548).
edge(332,553,1803).
edge(553,332,1803).
edge(333,334,516).
edge(334,333,516).
edge(334,335,552).
edge(335,334,552).
edge(335,336,628).
edge(336,335,628).
edge(336,337,436).
edge(337,336,436).
edge(337,338,453).
edge(338,337,453).
edge(338,339,537).
edge(339,338,537).
edge(339,340,455).
edge(340,339,455).
edge(340,341,645).
edge(341,340,645).
edge(341,342,714).
edge(342,341,714).
edge(342,343,1010).
edge(343,342,1010).
edge(343,553,1326).
edge(553,343,1326).
edge(344,345,592).
edge(345,344,592).
edge(345,346,414).
edge(346,345,414).
edge(346,347,488).
edge(347,346,488).
edge(348,349,661).
edge(349,348,661).
edge(349,350,710).
edge(350,349,710).
edge(350,351,739).
edge(351,350,739).
edge(351,352,530).
edge(352,351,530).
edge(352,353,506).
edge(353,352,506).
edge(353,354,499).
edge(354,353,499).
edge(354,355,531).
edge(355,354,531).
edge(356,357,641).
edge(357,356,641).
edge(357,358,654).
edge(358,357,654).
edge(358,359,695).
edge(359,358,695).
edge(359,360,642).
edge(360,359,642).
edge(361,362,582).
edge(362,361,582).
edge(361,565,851).
edge(565,361,851).
edge(362,593,461).
edge(593,362,461).
edge(363,364,237).
edge(364,363,237).
edge(363,919,259).
edge(919,363,259).
edge(364,365,385).
edge(365,364,385).
edge(365,366,483).
edge(366,365,483).
edge(367,368,1150).
edge(368,367,1150).
edge(367,382,2500).
edge(382,367,2500).
edge(367,554,2483).
edge(554,367,2483).
edge(368,369,1150).
edge(369,368,1150).
edge(368,388,378).
edge(388,368,378).
edge(369,370,1150).
edge(370,369,1150).
edge(369,389,647).
edge(389,369,647).
edge(370,371,1150).
edge(371,370,1150).
edge(370,398,670).
edge(398,370,670).
edge(370,557,2483).
edge(557,370,2483).
edge(371,372,1150).
edge(372,371,1150).
edge(372,373,1150).
edge(373,372,1150).
edge(372,403,611).
edge(403,372,611).
edge(373,374,1150).
edge(374,373,1150).
edge(373,560,2483).
edge(560,373,2483).
edge(374,375,1150).
edge(375,374,1150).
edge(375,376,1150).
edge(376,375,1150).
edge(375,404,890).
edge(404,375,890).
edge(376,377,1150).
edge(377,376,1150).
edge(376,563,2483).
edge(563,376,2483).
edge(377,378,1150).
edge(378,377,1150).
edge(378,379,1150).
edge(379,378,1150).
edge(378,409,843).
edge(409,378,843).
edge(379,380,1150).
edge(380,379,1150).
edge(379,565,2483).
edge(565,379,2483).
edge(380,411,1850).
edge(411,380,1850).
edge(381,382,1500).
edge(382,381,1500).
edge(383,384,1436).
edge(384,383,1436).
edge(384,385,930).
edge(385,384,930).
edge(385,386,807).
edge(386,385,807).
edge(386,387,394).
edge(387,386,394).
edge(387,388,440).
edge(388,387,440).
edge(389,390,461).
edge(390,389,461).
edge(390,391,551).
edge(391,390,551).
edge(391,392,555).
edge(392,391,555).
edge(392,393,570).
edge(393,392,570).
edge(393,394,592).
edge(394,393,592).
edge(394,395,657).
edge(395,394,657).
edge(395,396,464).
edge(396,395,464).
edge(396,397,274).
edge(397,396,274).
edge(398,399,657).
edge(399,398,657).
edge(399,400,613).
edge(400,399,613).
edge(400,401,627).
edge(401,400,627).
edge(401,402,449).
edge(402,401,449).
edge(405,406,1001).
edge(406,405,1001).
edge(406,407,1194).
edge(407,406,1194).
edge(407,408,794).
edge(408,407,794).
edge(408,409,631).
edge(409,408,631).
edge(410,597,2483).
edge(597,410,2483).
edge(410,411,1200).
edge(411,410,1200).
edge(410,492,1490).
edge(492,410,1490).
edge(412,423,2288).
edge(423,412,2288).
edge(412,426,1987).
edge(426,412,1987).
edge(412,487,1212).
edge(487,412,1212).
edge(413,423,1350).
edge(423,413,1350).
edge(413,414,1350).
edge(414,413,1350).
edge(414,415,1350).
edge(415,414,1350).
edge(415,416,1350).
edge(416,415,1350).
edge(416,417,1350).
edge(417,416,1350).
edge(417,418,1350).
edge(418,417,1350).
edge(418,419,1350).
edge(419,418,1350).
edge(419,420,1350).
edge(420,419,1350).
edge(420,421,1260).
edge(421,420,1260).
edge(421,422,1440).
edge(422,421,1440).
edge(422,424,1350).
edge(424,422,1350).
edge(424,425,2219).
edge(425,424,2219).
edge(425,438,1987).
edge(438,425,1987).
edge(425,482,1431).
edge(482,425,1431).
edge(426,427,2288).
edge(427,426,2288).
edge(426,452,1142).
edge(452,426,1142).
edge(426,488,1212).
edge(488,426,1212).
edge(427,428,1350).
edge(428,427,1350).
edge(428,429,1350).
edge(429,428,1350).
edge(429,430,1350).
edge(430,429,1350).
edge(430,431,1350).
edge(431,430,1350).
edge(431,432,1350).
edge(432,431,1350).
edge(433,434,1350).
edge(434,433,1350).
edge(434,435,1350).
edge(435,434,1350).
edge(435,436,1350).
edge(436,435,1350).
edge(436,437,1350).
edge(437,436,1350).
edge(437,481,1350).
edge(481,437,1350).
edge(438,481,2219).
edge(481,438,2219).
edge(438,439,1142).
edge(439,438,1142).
edge(438,483,1431).
edge(483,438,1431).
edge(439,441,2219).
edge(441,439,2219).
edge(439,466,1142).
edge(466,439,1142).
edge(439,484,1431).
edge(484,439,1431).
edge(440,442,1350).
edge(442,440,1350).
edge(440,441,1350).
edge(441,440,1350).
edge(442,443,1350).
edge(443,442,1350).
edge(443,444,1350).
edge(444,443,1350).
edge(444,445,1350).
edge(445,444,1350).
edge(446,447,1350).
edge(447,446,1350).
edge(447,448,1350).
edge(448,447,1350).
edge(448,449,1350).
edge(449,448,1350).
edge(449,450,1350).
edge(450,449,1350).
edge(450,451,1350).
edge(451,450,1350).
edge(451,452,2288).
edge(452,451,2288).
edge(452,457,1142).
edge(457,452,1142).
edge(452,491,1212).
edge(491,452,1212).
edge(453,458,1350).
edge(458,453,1350).
edge(453,454,1350).
edge(454,453,1350).
edge(454,455,1350).
edge(455,454,1350).
edge(455,456,1350).
edge(456,455,1350).
edge(456,457,2288).
edge(457,456,2288).
edge(457,479,1142).
edge(479,457,1142).
edge(457,489,1212).
edge(489,457,1212).
edge(458,459,1350).
edge(459,458,1350).
edge(460,461,1350).
edge(461,460,1350).
edge(461,462,1350).
edge(462,461,1350).
edge(462,463,1350).
edge(463,462,1350).
edge(463,464,1350).
edge(464,463,1350).
edge(464,465,1350).
edge(465,464,1350).
edge(465,466,2219).
edge(466,465,2219).
edge(466,467,1142).
edge(467,466,1142).
edge(466,485,1431).
edge(485,466,1431).
edge(467,468,2219).
edge(468,467,2219).
edge(467,486,1431).
edge(486,467,1431).
edge(467,495,1540).
edge(495,467,1540).
edge(468,469,1350).
edge(469,468,1350).
edge(469,470,1350).
edge(470,469,1350).
edge(470,471,1350).
edge(471,470,1350).
edge(471,472,1350).
edge(472,471,1350).
edge(472,473,1350).
edge(473,472,1350).
edge(474,480,1350).
edge(480,474,1350).
edge(474,475,1350).
edge(475,474,1350).
edge(475,476,1350).
edge(476,475,1350).
edge(476,477,1350).
edge(477,476,1350).
edge(477,478,1350).
edge(478,477,1350).
edge(478,479,2288).
edge(479,478,2288).
edge(479,490,1212).
edge(490,479,1212).
edge(479,493,1540).
edge(493,479,1540).
edge(482,483,1987).
edge(483,482,1987).
edge(483,484,1142).
edge(484,483,1142).
edge(484,485,1142).
edge(485,484,1142).
edge(485,486,1142).
edge(486,485,1142).
edge(486,496,1540).
edge(496,486,1540).
edge(487,488,1987).
edge(488,487,1987).
edge(488,491,1142).
edge(491,488,1142).
edge(489,490,1142).
edge(490,489,1142).
edge(489,491,1142).
edge(491,489,1142).
edge(490,492,1540).
edge(492,490,1540).
edge(492,574,975).
edge(574,492,975).
edge(492,493,1212).
edge(493,492,1212).
edge(492,654,1043).
edge(654,492,1043).
edge(493,497,2288).
edge(497,493,2288).
edge(493,596,1039).
edge(596,493,1039).
edge(494,495,2219).
edge(495,494,2219).
edge(495,496,1431).
edge(496,495,1431).
edge(495,592,855).
edge(592,495,855).
edge(496,566,1059).
edge(566,496,1059).
edge(496,634,612).
edge(634,496,612).
edge(496,738,1354).
edge(738,496,1354).
edge(502,521,1879).
edge(521,502,1879).
edge(503,520,1879).
edge(520,503,1879).
edge(504,519,1879).
edge(519,504,1879).
edge(505,518,1879).
edge(518,505,1879).
edge(506,517,1879).
edge(517,506,1879).
edge(507,516,1879).
edge(516,507,1879).
edge(508,515,1879).
edge(515,508,1879).
edge(509,514,1879).
edge(514,509,1879).
edge(510,513,1879).
edge(513,510,1879).
edge(511,512,1879).
edge(512,511,1879).
edge(512,539,2094).
edge(539,512,2094).
edge(513,538,2094).
edge(538,513,2094).
edge(514,537,2094).
edge(537,514,2094).
edge(515,536,2094).
edge(536,515,2094).
edge(516,535,2094).
edge(535,516,2094).
edge(517,534,2094).
edge(534,517,2094).
edge(518,533,2094).
edge(533,518,2094).
edge(519,532,2094).
edge(532,519,2094).
edge(520,531,2094).
edge(531,520,2094).
edge(521,530,2094).
edge(530,521,2094).
edge(530,531,1150).
edge(531,530,1150).
edge(530,549,1987).
edge(549,530,1987).
edge(531,532,1150).
edge(532,531,1150).
edge(531,548,1987).
edge(548,531,1987).
edge(532,533,1150).
edge(533,532,1150).
edge(532,547,1987).
edge(547,532,1987).
edge(533,534,1150).
edge(534,533,1150).
edge(533,546,1987).
edge(546,533,1987).
edge(534,535,1150).
edge(535,534,1150).
edge(534,545,1987).
edge(545,534,1987).
edge(535,536,1150).
edge(536,535,1150).
edge(535,544,1987).
edge(544,535,1987).
edge(536,537,1150).
edge(537,536,1150).
edge(536,543,1987).
edge(543,536,1987).
edge(537,538,1150).
edge(538,537,1150).
edge(537,542,1987).
edge(542,537,1987).
edge(538,539,1150).
edge(539,538,1150).
edge(538,541,1987).
edge(541,538,1987).
edge(539,540,1987).
edge(540,539,1987).
edge(540,919,1987).
edge(919,540,1987).
edge(540,642,453).
edge(642,540,453).
edge(540,541,1150).
edge(541,540,1150).
edge(540,743,795).
edge(743,540,795).
edge(541,565,1987).
edge(565,541,1987).
edge(541,655,494).
edge(655,541,494).
edge(541,542,1150).
edge(542,541,1150).
edge(542,747,1987).
edge(747,542,1987).
edge(542,664,514).
edge(664,542,514).
edge(542,543,1150).
edge(543,542,1150).
edge(543,564,1987).
edge(564,543,1987).
edge(543,676,506).
edge(676,543,506).
edge(543,544,1150).
edge(544,543,1150).
edge(544,563,1987).
edge(563,544,1987).
edge(544,685,309).
edge(685,544,309).
edge(544,545,1150).
edge(545,544,1150).
edge(545,562,1987).
edge(562,545,1987).
edge(545,700,431).
edge(700,545,431).
edge(545,546,1150).
edge(546,545,1150).
edge(546,561,1987).
edge(561,546,1987).
edge(546,708,485).
edge(708,546,485).
edge(546,547,1150).
edge(547,546,1150).
edge(547,560,1987).
edge(560,547,1987).
edge(547,720,517).
edge(720,547,517).
edge(547,548,1150).
edge(548,547,1150).
edge(548,635,572).
edge(635,548,572).
edge(548,559,1987).
edge(559,548,1987).
edge(548,549,1150).
edge(549,548,1150).
edge(549,558,1987).
edge(558,549,1987).
edge(549,615,532).
edge(615,549,532).
edge(549,550,1150).
edge(550,549,1150).
edge(550,557,1987).
edge(557,550,1987).
edge(550,607,545).
edge(607,550,545).
edge(550,551,1150).
edge(551,550,1150).
edge(551,556,1987).
edge(556,551,1987).
edge(551,598,528).
edge(598,551,528).
edge(551,552,1150).
edge(552,551,1150).
edge(552,555,1987).
edge(555,552,1987).
edge(552,622,681).
edge(622,552,681).
edge(552,553,1150).
edge(553,552,1150).
edge(553,554,1987).
edge(554,553,1987).
edge(553,729,587).
edge(729,553,587).
edge(553,739,834).
edge(739,553,834).
edge(553,587,4000).
edge(587,553,4000).
edge(554,586,4000).
edge(586,554,4000).
edge(554,555,1150).
edge(555,554,1150).
edge(554,571,857).
edge(571,554,857).
edge(554,588,786).
edge(588,554,786).
edge(555,556,1150).
edge(556,555,1150).
edge(556,557,1150).
edge(557,556,1150).
edge(557,558,1150).
edge(558,557,1150).
edge(558,559,1150).
edge(559,558,1150).
edge(559,560,1150).
edge(560,559,1150).
edge(560,561,1150).
edge(561,560,1150).
edge(561,562,1150).
edge(562,561,1150).
edge(562,563,1150).
edge(563,562,1150).
edge(563,564,1150).
edge(564,563,1150).
edge(564,747,1150).
edge(747,564,1150).
edge(565,919,1150).
edge(919,565,1150).
edge(565,580,1141).
edge(580,565,1141).
edge(565,747,1150).
edge(747,565,1150).
edge(566,567,834).
edge(567,566,834).
edge(567,572,1173).
edge(572,567,1173).
edge(567,568,964).
edge(568,567,964).
edge(568,569,1084).
edge(569,568,1084).
edge(569,570,861).
edge(570,569,861).
edge(570,571,576).
edge(571,570,576).
edge(572,573,1019).
edge(573,572,1019).
edge(574,575,900).
edge(575,574,900).
edge(575,576,717).
edge(576,575,717).
edge(576,577,663).
edge(577,576,663).
edge(577,578,669).
edge(578,577,669).
edge(578,579,903).
edge(579,578,903).
edge(579,919,758).
edge(919,579,758).
edge(580,581,1061).
edge(581,580,1061).
edge(582,671,569).
edge(671,582,569).
edge(583,699,402).
edge(699,583,402).
edge(585,586,1987).
edge(586,585,1987).
edge(586,587,1987).
edge(587,586,1987).
edge(588,589,629).
edge(589,588,629).
edge(588,626,546).
edge(626,588,546).
edge(589,590,848).
edge(590,589,848).
edge(589,742,822).
edge(742,589,822).
edge(590,591,980).
edge(591,590,980).
edge(591,592,776).
edge(592,591,776).
edge(591,606,835).
edge(606,591,835).
edge(593,594,836).
edge(594,593,836).
edge(593,746,518).
edge(746,593,518).
edge(594,595,883).
edge(595,594,883).
edge(595,596,817).
edge(596,595,817).
edge(595,662,993).
edge(662,595,993).
edge(597,919,3050).
edge(919,597,3050).
edge(598,599,464).
edge(599,598,464).
edge(599,600,602).
edge(600,599,602).
edge(600,601,431).
edge(601,600,431).
edge(601,602,520).
edge(602,601,520).
edge(602,603,772).
edge(603,602,772).
edge(603,604,679).
edge(604,603,679).
edge(604,605,870).
edge(605,604,870).
edge(605,606,917).
edge(606,605,917).
edge(607,608,456).
edge(608,607,456).
edge(608,609,481).
edge(609,608,481).
edge(609,610,542).
edge(610,609,542).
edge(610,611,875).
edge(611,610,875).
edge(611,612,885).
edge(612,611,885).
edge(612,613,1463).
edge(613,612,1463).
edge(612,619,1670).
edge(619,612,1670).
edge(613,614,951).
edge(614,613,951).
edge(615,616,533).
edge(616,615,533).
edge(616,617,464).
edge(617,616,464).
edge(617,618,479).
edge(618,617,479).
edge(618,619,1004).
edge(619,618,1004).
edge(619,620,778).
edge(620,619,778).
edge(620,621,761).
edge(621,620,761).
edge(622,623,437).
edge(623,622,437).
edge(623,624,478).
edge(624,623,478).
edge(624,625,464).
edge(625,624,464).
edge(625,626,616).
edge(626,625,616).
edge(626,627,901).
edge(627,626,901).
edge(627,628,552).
edge(628,627,552).
edge(628,629,666).
edge(629,628,666).
edge(629,630,598).
edge(630,629,598).
edge(630,631,625).
edge(631,630,625).
edge(631,632,621).
edge(632,631,621).
edge(632,633,606).
edge(633,632,606).
edge(633,634,630).
edge(634,633,630).
edge(635,636,549).
edge(636,635,549).
edge(636,637,455).
edge(637,636,455).
edge(637,638,438).
edge(638,637,438).
edge(638,639,790).
edge(639,638,790).
edge(639,640,558).
edge(640,639,558).
edge(640,641,986).
edge(641,640,986).
edge(642,643,404).
edge(643,642,404).
edge(643,644,390).
edge(644,643,390).
edge(644,645,303).
edge(645,644,303).
edge(645,646,391).
edge(646,645,391).
edge(646,647,601).
edge(647,646,601).
edge(647,648,493).
edge(648,647,493).
edge(648,649,494).
edge(649,648,494).
edge(649,650,447).
edge(650,649,447).
edge(650,651,475).
edge(651,650,475).
edge(651,652,516).
edge(652,651,516).
edge(652,653,580).
edge(653,652,580).
edge(653,654,505).
edge(654,653,505).
edge(655,656,382).
edge(656,655,382).
edge(656,657,416).
edge(657,656,416).
edge(657,658,494).
edge(658,657,494).
edge(658,659,451).
edge(659,658,451).
edge(659,660,678).
edge(660,659,678).
edge(660,661,538).
edge(661,660,538).
edge(661,662,606).
edge(662,661,606).
edge(662,663,525).
edge(663,662,525).
edge(664,665,306).
edge(665,664,306).
edge(665,666,310).
edge(666,665,310).
edge(666,667,330).
edge(667,666,330).
edge(667,668,351).
edge(668,667,351).
edge(668,669,385).
edge(669,668,385).
edge(669,670,401).
edge(670,669,401).
edge(670,671,338).
edge(671,670,338).
edge(671,672,535).
edge(672,671,535).
edge(671,684,457).
edge(684,671,457).
edge(672,673,458).
edge(673,672,458).
edge(673,674,695).
edge(674,673,695).
edge(674,675,544).
edge(675,674,544).
edge(676,677,328).
edge(677,676,328).
edge(677,678,278).
edge(678,677,278).
edge(678,679,300).
edge(679,678,300).
edge(679,680,317).
edge(680,679,317).
edge(680,681,345).
edge(681,680,345).
edge(681,682,299).
edge(682,681,299).
edge(682,683,425).
edge(683,682,425).
edge(683,684,405).
edge(684,683,405).
edge(685,686,280).
edge(686,685,280).
edge(686,687,237).
edge(687,686,237).
edge(687,688,226).
edge(688,687,226).
edge(688,689,312).
edge(689,688,312).
edge(689,690,275).
edge(690,689,275).
edge(690,691,360).
edge(691,690,360).
edge(691,692,481).
edge(692,691,481).
edge(692,693,463).
edge(693,692,463).
edge(693,694,486).
edge(694,693,486).
edge(694,695,732).
edge(695,694,732).
edge(695,696,641).
edge(696,695,641).
edge(695,707,1326).
edge(707,695,1326).
edge(696,697,756).
edge(697,696,756).
edge(696,719,781).
edge(719,696,781).
edge(697,698,921).
edge(698,697,921).
edge(698,699,459).
edge(699,698,459).
edge(700,701,358).
edge(701,700,358).
edge(701,702,322).
edge(702,701,322).
edge(702,703,441).
edge(703,702,441).
edge(703,704,470).
edge(704,703,470).
edge(704,705,427).
edge(705,704,427).
edge(705,706,632).
edge(706,705,632).
edge(706,707,735).
edge(707,706,735).
edge(708,709,339).
edge(709,708,339).
edge(709,710,378).
edge(710,709,378).
edge(710,711,574).
edge(711,710,574).
edge(711,712,325).
edge(712,711,325).
edge(712,713,340).
edge(713,712,340).
edge(713,714,518).
edge(714,713,518).
edge(714,715,609).
edge(715,714,609).
edge(715,716,574).
edge(716,715,574).
edge(716,717,645).
edge(717,716,645).
edge(717,718,661).
edge(718,717,661).
edge(718,719,656).
edge(719,718,656).
edge(719,728,1138).
edge(728,719,1138).
edge(720,721,342).
edge(721,720,342).
edge(721,722,379).
edge(722,721,379).
edge(722,723,505).
edge(723,722,505).
edge(723,724,554).
edge(724,723,554).
edge(724,725,768).
edge(725,724,768).
edge(725,726,947).
edge(726,725,947).
edge(726,727,1000).
edge(727,726,1000).
edge(727,728,1055).
edge(728,727,1055).
edge(729,730,475).
edge(730,729,475).
edge(730,731,494).
edge(731,730,494).
edge(731,732,657).
edge(732,731,657).
edge(732,733,864).
edge(733,732,864).
edge(733,734,753).
edge(734,733,753).
edge(734,735,739).
edge(735,734,739).
edge(735,736,619).
edge(736,735,619).
edge(736,737,519).
edge(737,736,519).
edge(737,738,681).
edge(738,737,681).
edge(739,740,411).
edge(740,739,411).
edge(740,741,558).
edge(741,740,558).
edge(741,742,563).
edge(742,741,563).
edge(743,744,373).
edge(744,743,373).
edge(744,745,583).
edge(745,744,583).
edge(745,746,459).
edge(746,745,459).
conflict(1,1).
conflict(2,2).
conflict(3,3).
conflict(4,4).
conflict(5,5).
conflict(6,6).
conflict(7,7).
conflict(8,8).
conflict(9,9).
conflict(10,10).
conflict(11,11).
conflict(12,12).
conflict(13,13).
conflict(14,14).
conflict(15,15).
conflict(16,16).
conflict(17,17).
conflict(18,18).
conflict(19,19).
conflict(20,20).
conflict(21,21).
conflict(22,22).
conflict(23,23).
conflict(24,24).
conflict(25,25).
conflict(26,26).
conflict(27,27).
conflict(28,28).
conflict(29,29).
conflict(30,30).
conflict(31,31).
conflict(32,32).
conflict(33,33).
conflict(34,34).
conflict(35,35).
conflict(36,36).
conflict(37,37).
conflict(38,38).
conflict(39,39).
conflict(40,40).
conflict(41,41).
conflict(42,42).
conflict(43,43).
conflict(44,44).
conflict(45,45).
conflict(46,46).
conflict(47,47).
conflict(49,49).
conflict(50,50).
conflict(51,51).
conflict(52,52).
conflict(53,53).
conflict(54,54).
conflict(55,55).
conflict(56,56).
conflict(57,57).
conflict(58,58).
conflict(59,59).
conflict(60,60).
conflict(61,61).
conflict(62,62).
conflict(63,63).
conflict(64,64).
conflict(65,65).
conflict(66,66).
conflict(67,67).
conflict(68,68).
conflict(69,69).
conflict(70,70).
conflict(71,71).
conflict(72,72).
conflict(73,73).
conflict(74,74).
conflict(75,75).
conflict(76,76).
conflict(77,77).
conflict(78,78).
conflict(79,79).
conflict(80,80).
conflict(81,81).
conflict(82,82).
conflict(83,83).
conflict(84,84).
conflict(85,85).
conflict(86,86).
conflict(87,87).
conflict(88,88).
conflict(89,89).
conflict(90,90).
conflict(91,91).
conflict(92,92).
conflict(93,93).
conflict(94,94).
conflict(95,95).
conflict(96,96).
conflict(97,97).
conflict(98,98).
conflict(99,99).
conflict(100,100).
conflict(101,101).
conflict(102,102).
conflict(103,103).
conflict(104,104).
conflict(105,105).
conflict(106,106).
conflict(107,107).
conflict(108,108).
conflict(109,109).
conflict(110,110).
conflict(111,111).
conflict(112,112).
conflict(113,113).
conflict(114,114).
conflict(115,115).
conflict(116,116).
conflict(117,117).
conflict(118,118).
conflict(119,119).
conflict(120,120).
conflict(121,121).
conflict(122,122).
conflict(123,123).
conflict(124,124).
conflict(125,125).
conflict(148,148).
conflict(149,149).
conflict(150,150).
conflict(151,151).
conflict(152,152).
conflict(153,153).
conflict(154,154).
conflict(155,155).
conflict(156,156).
conflict(157,157).
conflict(158,158).
conflict(159,159).
conflict(160,160).
conflict(161,161).
conflict(162,162).
conflict(163,163).
conflict(164,164).
conflict(165,165).
conflict(166,166).
conflict(167,167).
conflict(168,168).
conflict(169,169).
conflict(170,170).
conflict(171,171).
conflict(172,172).
conflict(173,173).
conflict(174,174).
conflict(175,175).
conflict(176,176).
conflict(177,177).
conflict(178,178).
conflict(179,179).
conflict(180,180).
conflict(181,181).
conflict(182,182).
conflict(183,183).
conflict(184,184).
conflict(185,185).
conflict(186,186).
conflict(187,187).
conflict(188,188).
conflict(189,189).
conflict(190,190).
conflict(191,191).
conflict(192,192).
conflict(193,193).
conflict(194,194).
conflict(195,195).
conflict(196,196).
conflict(197,197).
conflict(199,199).
conflict(200,200).
conflict(201,201).
conflict(202,202).
conflict(203,203).
conflict(204,204).
conflict(205,205).
conflict(206,206).
conflict(207,207).
conflict(208,208).
conflict(209,209).
conflict(210,210).
conflict(211,211).
conflict(212,212).
conflict(213,213).
conflict(214,214).
conflict(215,215).
conflict(216,216).
conflict(217,217).
conflict(218,218).
conflict(219,219).
conflict(220,220).
conflict(221,221).
conflict(222,222).
conflict(223,223).
conflict(224,224).
conflict(225,225).
conflict(226,226).
conflict(227,227).
conflict(228,228).
conflict(229,229).
conflict(230,230).
conflict(231,231).
conflict(232,232).
conflict(233,233).
conflict(234,234).
conflict(235,235).
conflict(236,236).
conflict(237,237).
conflict(238,238).
conflict(239,239).
conflict(240,240).
conflict(241,241).
conflict(242,242).
conflict(243,243).
conflict(244,244).
conflict(245,245).
conflict(246,246).
conflict(247,247).
conflict(248,248).
conflict(249,249).
conflict(250,250).
conflict(251,251).
conflict(252,252).
conflict(253,253).
conflict(254,254).
conflict(255,255).
conflict(256,256).
conflict(257,257).
conflict(258,258).
conflict(259,259).
conflict(260,260).
conflict(261,261).
conflict(262,262).
conflict(263,263).
conflict(264,264).
conflict(265,265).
conflict(266,266).
conflict(267,267).
conflict(268,268).
conflict(269,269).
conflict(270,270).
conflict(271,271).
conflict(272,272).
conflict(273,273).
conflict(274,274).
conflict(275,275).
conflict(276,276).
conflict(277,277).
conflict(278,278).
conflict(279,279).
conflict(280,280).
conflict(281,281).
conflict(282,282).
conflict(283,283).
conflict(284,284).
conflict(285,285).
conflict(286,286).
conflict(287,287).
conflict(288,288).
conflict(289,289).
conflict(290,290).
conflict(291,291).
conflict(292,292).
conflict(293,293).
conflict(294,294).
conflict(295,295).
conflict(296,296).
conflict(297,297).
conflict(298,298).
conflict(299,299).
conflict(300,300).
conflict(301,301).
conflict(302,302).
conflict(303,303).
conflict(304,304).
conflict(305,305).
conflict(306,306).
conflict(307,307).
conflict(308,308).
conflict(309,309).
conflict(310,310).
conflict(311,311).
conflict(312,312).
conflict(313,313).
conflict(314,314).
conflict(315,315).
conflict(316,316).
conflict(317,317).
conflict(318,318).
conflict(319,319).
conflict(320,320).
conflict(321,321).
conflict(322,322).
conflict(323,323).
conflict(324,324).
conflict(325,325).
conflict(326,326).
conflict(327,327).
conflict(328,328).
conflict(329,329).
conflict(330,330).
conflict(331,331).
conflict(332,332).
conflict(333,333).
conflict(334,334).
conflict(335,335).
conflict(336,336).
conflict(337,337).
conflict(338,338).
conflict(339,339).
conflict(340,340).
conflict(341,341).
conflict(342,342).
conflict(343,343).
conflict(344,344).
conflict(345,345).
conflict(346,346).
conflict(347,347).
conflict(348,348).
conflict(349,349).
conflict(350,350).
conflict(351,351).
conflict(352,352).
conflict(353,353).
conflict(354,354).
conflict(355,355).
conflict(356,356).
conflict(357,357).
conflict(358,358).
conflict(359,359).
conflict(360,360).
conflict(361,361).
conflict(362,362).
conflict(363,363).
conflict(364,364).
conflict(365,365).
conflict(366,366).
conflict(367,367).
conflict(368,368).
conflict(369,369).
conflict(370,370).
conflict(371,371).
conflict(372,372).
conflict(373,373).
conflict(374,374).
conflict(375,375).
conflict(376,376).
conflict(377,377).
conflict(378,378).
conflict(379,379).
conflict(380,380).
conflict(381,381).
conflict(382,382).
conflict(383,383).
conflict(384,384).
conflict(385,385).
conflict(386,386).
conflict(387,387).
conflict(388,388).
conflict(389,389).
conflict(390,390).
conflict(391,391).
conflict(392,392).
conflict(393,393).
conflict(394,394).
conflict(395,395).
conflict(396,396).
conflict(397,397).
conflict(398,398).
conflict(399,399).
conflict(400,400).
conflict(401,401).
conflict(402,402).
conflict(403,403).
conflict(404,404).
conflict(405,405).
conflict(406,406).
conflict(407,407).
conflict(408,408).
conflict(409,409).
conflict(410,410).
conflict(411,411).
conflict(412,412).
conflict(413,413).
conflict(414,414).
conflict(415,415).
conflict(416,416).
conflict(417,417).
conflict(418,418).
conflict(419,419).
conflict(420,420).
conflict(421,421).
conflict(422,422).
conflict(423,423).
conflict(424,424).
conflict(425,425).
conflict(426,426).
conflict(427,427).
conflict(428,428).
conflict(429,429).
conflict(430,430).
conflict(431,431).
conflict(432,432).
conflict(433,433).
conflict(434,434).
conflict(435,435).
conflict(436,436).
conflict(437,437).
conflict(438,438).
conflict(439,439).
conflict(440,440).
conflict(441,441).
conflict(442,442).
conflict(443,443).
conflict(444,444).
conflict(445,445).
conflict(446,446).
conflict(447,447).
conflict(448,448).
conflict(449,449).
conflict(450,450).
conflict(451,451).
conflict(452,452).
conflict(453,453).
conflict(454,454).
conflict(455,455).
conflict(456,456).
conflict(457,457).
conflict(458,458).
conflict(459,459).
conflict(460,460).
conflict(461,461).
conflict(462,462).
conflict(463,463).
conflict(464,464).
conflict(465,465).
conflict(466,466).
conflict(467,467).
conflict(468,468).
