edge(1,3,882).
edge(3,1,882).
edge(2,289,1870).
edge(289,2,1870).
edge(2,19,232).
edge(19,2,232).
edge(2,254,1856).
edge(254,2,1856).
edge(2,293,2122).
edge(293,2,2122).
edge(3,4,191).
edge(4,3,191).
edge(4,5,179).
edge(5,4,179).
edge(5,13,193).
edge(13,5,193).
edge(6,15,733).
edge(15,6,733).
edge(6,14,252).
edge(14,6,252).
edge(7,8,216).
edge(8,7,216).
edge(7,15,428).
edge(15,7,428).
edge(8,9,204).
edge(9,8,204).
edge(9,10,178).
edge(10,9,178).
edge(10,11,193).
edge(11,10,193).
edge(11,12,333).
edge(12,11,333).
edge(12,254,197).
edge(254,12,197).
edge(13,14,165).
edge(14,13,165).
edge(14,16,190).
edge(16,14,190).
edge(16,17,206).
edge(17,16,206).
edge(17,20,243).
edge(20,17,243).
edge(18,19,222).
edge(19,18,222).
edge(18,20,257).
edge(20,18,257).
edge(21,636,1096).
edge(636,21,1096).
edge(21,293,1961).
edge(293,21,1961).
edge(21,635,1152).
edge(635,21,1152).
edge(22,44,1151).
edge(44,22,1151).
edge(22,622,3617).
edge(622,22,3617).
edge(23,25,1152).
edge(25,23,1152).
edge(23,626,3617).
edge(626,23,3617).
edge(24,32,1150).
edge(32,24,1150).
edge(25,26,1150).
edge(26,25,1150).
edge(26,27,1150).
edge(27,26,1150).
edge(27,28,1150).
edge(28,27,1150).
edge(28,29,1150).
edge(29,28,1150).
edge(29,30,1150).
edge(30,29,1150).
edge(30,31,1150).
edge(31,30,1150).
edge(31,32,1150).
edge(32,31,1150).
edge(33,42,1150).
edge(42,33,1150).
edge(34,35,1152).
edge(35,34,1152).
edge(34,624,3617).
edge(624,34,3617).
edge(35,36,1150).
edge(36,35,1150).
edge(36,37,1150).
edge(37,36,1150).
edge(37,38,1150).
edge(38,37,1150).
edge(38,39,1150).
edge(39,38,1150).
edge(39,40,1150).
edge(40,39,1150).
edge(40,41,1150).
edge(41,40,1150).
edge(41,42,1150).
edge(42,41,1150).
edge(43,51,1150).
edge(51,43,1150).
edge(44,45,1150).
edge(45,44,1150).
edge(45,46,1150).
edge(46,45,1150).
edge(46,47,1150).
edge(47,46,1150).
edge(47,48,1150).
edge(48,47,1150).
edge(48,49,1150).
edge(49,48,1150).
edge(49,50,1150).
edge(50,49,1150).
edge(50,51,1150).
edge(51,50,1150).
edge(52,61,1150).
edge(61,52,1150).
edge(53,54,1151).
edge(54,53,1151).
edge(53,620,3617).
edge(620,53,3617).
edge(54,55,1150).
edge(55,54,1150).
edge(55,56,1150).
edge(56,55,1150).
edge(56,57,1150).
edge(57,56,1150).
edge(57,58,1150).
edge(58,57,1150).
edge(58,59,1150).
edge(59,58,1150).
edge(59,60,1150).
edge(60,59,1150).
edge(60,61,1150).
edge(61,60,1150).
edge(62,471,900).
edge(471,62,900).
edge(62,587,2601).
edge(587,62,2601).
edge(63,521,900).
edge(521,63,900).
edge(63,593,2584).
edge(593,63,2584).
edge(64,555,900).
edge(555,64,900).
edge(64,597,2601).
edge(597,64,2601).
edge(65,487,900).
edge(487,65,900).
edge(65,589,2567).
edge(589,65,2567).
edge(66,504,900).
edge(504,66,900).
edge(66,591,2578).
edge(591,66,2578).
edge(67,538,900).
edge(538,67,900).
edge(67,595,2595).
edge(595,67,2595).
edge(68,271,149).
edge(271,68,149).
edge(68,257,132).
edge(257,68,132).
edge(69,279,123).
edge(279,69,123).
edge(69,273,144).
edge(273,69,144).
edge(70,71,231).
edge(71,70,231).
edge(70,188,236).
edge(188,70,236).
edge(71,72,274).
edge(72,71,274).
edge(72,73,317).
edge(73,72,317).
edge(73,74,432).
edge(74,73,432).
edge(74,75,351).
edge(75,74,351).
edge(75,76,270).
edge(76,75,270).
edge(76,77,241).
edge(77,76,241).
edge(77,78,205).
edge(78,77,205).
edge(78,79,205).
edge(79,78,205).
edge(79,80,131).
edge(80,79,131).
edge(80,81,150).
edge(81,80,150).
edge(81,635,1256).
edge(635,81,1256).
edge(81,94,2076).
edge(94,81,2076).
edge(82,83,186).
edge(83,82,186).
edge(82,94,235).
edge(94,82,235).
edge(83,95,150).
edge(95,83,150).
edge(84,85,281).
edge(85,84,281).
edge(84,95,227).
edge(95,84,227).
edge(85,86,432).
edge(86,85,432).
edge(86,87,351).
edge(87,86,351).
edge(87,88,270).
edge(88,87,270).
edge(88,89,241).
edge(89,88,241).
edge(89,90,205).
edge(90,89,205).
edge(90,91,205).
edge(91,90,205).
edge(91,92,131).
edge(92,91,131).
edge(92,93,152).
edge(93,92,152).
edge(93,633,184).
edge(633,93,184).
edge(93,188,2073).
edge(188,93,2073).
edge(94,244,1591).
edge(244,94,1591).
edge(96,97,268).
edge(97,96,268).
edge(96,320,2198).
edge(320,96,2198).
edge(96,109,2693).
edge(109,96,2693).
edge(97,107,236).
edge(107,97,236).
edge(98,99,234).
edge(99,98,234).
edge(98,107,228).
edge(107,98,228).
edge(99,100,439).
edge(100,99,439).
edge(100,101,525).
edge(101,100,525).
edge(101,102,353).
edge(102,101,353).
edge(102,108,170).
edge(108,102,170).
edge(103,104,197).
edge(104,103,197).
edge(103,108,214).
edge(108,103,214).
edge(104,105,198).
edge(105,104,198).
edge(105,106,238).
edge(106,105,238).
edge(106,121,2779).
edge(121,106,2779).
edge(106,134,5225).
edge(134,106,5225).
edge(109,110,262).
edge(110,109,262).
edge(109,135,5311).
edge(135,109,5311).
edge(110,111,244).
edge(111,110,244).
edge(111,112,228).
edge(112,111,228).
edge(112,113,234).
edge(113,112,234).
edge(113,114,439).
edge(114,113,439).
edge(114,115,525).
edge(115,114,525).
edge(115,116,353).
edge(116,115,353).
edge(116,117,170).
edge(117,116,170).
edge(117,118,214).
edge(118,117,214).
edge(118,119,194).
edge(119,118,194).
edge(119,120,197).
edge(120,119,197).
edge(120,121,247).
edge(121,120,247).
edge(121,244,4035).
edge(244,121,4035).
edge(122,123,262).
edge(123,122,262).
edge(122,135,2693).
edge(135,122,2693).
edge(122,161,4680).
edge(161,122,4680).
edge(123,124,244).
edge(124,123,244).
edge(124,125,228).
edge(125,124,228).
edge(125,126,234).
edge(126,125,234).
edge(126,127,439).
edge(127,126,439).
edge(127,128,525).
edge(128,127,525).
edge(128,129,353).
edge(129,128,353).
edge(129,130,170).
edge(130,129,170).
edge(130,131,214).
edge(131,130,214).
edge(131,132,194).
edge(132,131,194).
edge(132,133,197).
edge(133,132,197).
edge(133,134,247).
edge(134,133,247).
edge(134,147,2779).
edge(147,134,2779).
edge(135,136,268).
edge(136,135,268).
edge(136,137,236).
edge(137,136,236).
edge(137,138,228).
edge(138,137,228).
edge(138,139,234).
edge(139,138,234).
edge(139,140,439).
edge(140,139,439).
edge(140,141,525).
edge(141,140,525).
edge(141,142,353).
edge(142,141,353).
edge(142,143,170).
edge(143,142,170).
edge(143,144,214).
edge(144,143,214).
edge(144,145,197).
edge(145,144,197).
edge(145,146,198).
edge(146,145,198).
edge(146,147,237).
edge(147,146,237).
edge(147,160,4594).
edge(160,147,4594).
edge(148,149,262).
edge(149,148,262).
edge(148,161,2693).
edge(161,148,2693).
edge(148,330,4395).
edge(330,148,4395).
edge(149,150,244).
edge(150,149,244).
edge(150,151,228).
edge(151,150,228).
edge(151,152,234).
edge(152,151,234).
edge(152,153,439).
edge(153,152,439).
edge(153,154,525).
edge(154,153,525).
edge(154,155,353).
edge(155,154,353).
edge(155,156,170).
edge(156,155,170).
edge(156,157,214).
edge(157,156,214).
edge(157,158,194).
edge(158,157,194).
edge(158,159,197).
edge(159,158,197).
edge(159,160,247).
edge(160,159,247).
edge(160,173,2779).
edge(173,160,2779).
edge(161,162,268).
edge(162,161,268).
edge(162,163,236).
edge(163,162,236).
edge(163,164,228).
edge(164,163,228).
edge(164,165,234).
edge(165,164,234).
edge(165,166,439).
edge(166,165,439).
edge(166,167,525).
edge(167,166,525).
edge(167,168,353).
edge(168,167,353).
edge(168,169,170).
edge(169,168,170).
edge(169,170,214).
edge(170,169,214).
edge(170,171,197).
edge(171,170,197).
edge(171,172,198).
edge(172,171,198).
edge(172,173,237).
edge(173,172,237).
edge(173,242,6350).
edge(242,173,6350).
edge(174,315,215).
edge(315,174,215).
edge(174,317,278).
edge(317,174,278).
edge(175,338,209).
edge(338,175,209).
edge(175,337,218).
edge(337,175,218).
edge(176,328,216).
edge(328,176,216).
edge(176,327,205).
edge(327,176,205).
edge(177,309,198).
edge(309,177,198).
edge(177,308,200).
edge(308,177,200).
edge(178,179,405).
edge(179,178,405).
edge(178,244,318).
edge(244,178,318).
edge(179,180,294).
edge(180,179,294).
edge(180,181,307).
edge(181,180,307).
edge(181,182,289).
edge(182,181,289).
edge(182,183,222).
edge(183,182,222).
edge(183,184,212).
edge(184,183,212).
edge(184,185,200).
edge(185,184,200).
edge(185,186,198).
edge(186,185,198).
edge(186,187,210).
edge(187,186,210).
edge(187,188,234).
edge(188,187,234).
edge(188,243,1593).
edge(243,188,1593).
edge(189,212,950).
edge(212,189,950).
edge(189,250,2900).
edge(250,189,2900).
edge(190,192,950).
edge(192,190,950).
edge(190,248,2928).
edge(248,190,2928).
edge(191,199,950).
edge(199,191,950).
edge(191,196,950).
edge(196,191,950).
edge(192,193,950).
edge(193,192,950).
edge(193,194,950).
edge(194,193,950).
edge(194,195,950).
edge(195,194,950).
edge(195,196,950).
edge(196,195,950).
edge(197,230,950).
edge(230,197,950).
edge(197,246,2972).
edge(246,197,2972).
edge(198,221,950).
edge(221,198,950).
edge(198,247,2942).
edge(247,198,2942).
edge(199,200,950).
edge(200,199,950).
edge(200,201,950).
edge(201,200,950).
edge(202,203,950).
edge(203,202,950).
edge(202,249,2915).
edge(249,202,2915).
edge(203,204,950).
edge(204,203,950).
edge(204,205,950).
edge(205,204,950).
edge(205,206,950).
edge(206,205,950).
edge(206,207,950).
edge(207,206,950).
edge(207,208,950).
edge(208,207,950).
edge(208,209,950).
edge(209,208,950).
edge(209,210,950).
edge(210,209,950).
edge(210,211,950).
edge(211,210,950).
edge(212,213,950).
edge(213,212,950).
edge(213,214,950).
edge(214,213,950).
edge(214,215,950).
edge(215,214,950).
edge(215,216,950).
edge(216,215,950).
edge(216,217,950).
edge(217,216,950).
edge(217,218,950).
edge(218,217,950).
edge(218,219,950).
edge(219,218,950).
edge(219,220,950).
edge(220,219,950).
edge(221,222,950).
edge(222,221,950).
edge(222,223,950).
edge(223,222,950).
edge(223,224,950).
edge(224,223,950).
edge(224,225,950).
edge(225,224,950).
edge(225,226,950).
edge(226,225,950).
edge(226,227,950).
edge(227,226,950).
edge(227,228,950).
edge(228,227,950).
edge(228,229,950).
edge(229,228,950).
edge(230,231,950).
edge(231,230,950).
edge(231,232,950).
edge(232,231,950).
edge(232,233,950).
edge(233,232,950).
edge(233,234,950).
edge(234,233,950).
edge(234,235,950).
edge(235,234,950).
edge(235,236,950).
edge(236,235,950).
edge(236,237,950).
edge(237,236,950).
edge(237,238,950).
edge(238,237,950).
edge(239,240,2000).
edge(240,239,2000).
edge(239,241,1596).
edge(241,239,1596).
edge(240,330,2000).
edge(330,240,2000).
edge(240,311,361).
edge(311,240,361).
edge(240,242,1596).
edge(242,240,1596).
edge(241,242,2000).
edge(242,241,2000).
edge(241,316,228).
edge(316,241,228).
edge(241,599,3302).
edge(599,241,3302).
edge(242,339,200).
edge(339,242,200).
edge(242,572,3302).
edge(572,242,3302).
edge(243,244,1961).
edge(244,243,1961).
edge(243,310,234).
edge(310,243,234).
edge(243,634,1596).
edge(634,243,1596).
edge(244,245,1596).
edge(245,244,1596).
edge(244,329,241).
edge(329,244,241).
edge(245,634,1961).
edge(634,245,1961).
edge(245,302,255).
edge(302,245,255).
edge(245,320,1877).
edge(320,245,1877).
edge(246,599,1792).
edge(599,246,1792).
edge(247,601,1831).
edge(601,247,1831).
edge(248,602,1850).
edge(602,248,1850).
edge(249,603,1866).
edge(603,249,1866).
edge(250,604,1886).
edge(604,250,1886).
edge(251,629,1775).
edge(629,251,1775).
edge(251,270,146).
edge(270,251,146).
edge(251,301,976).
edge(301,251,976).
edge(252,289,238).
edge(289,252,238).
edge(253,254,246).
edge(254,253,246).
edge(253,647,550).
edge(647,253,550).
edge(254,648,101).
edge(648,254,101).
edge(255,296,94).
edge(296,255,94).
edge(255,648,85).
edge(648,255,85).
edge(256,257,233).
edge(257,256,233).
edge(256,272,139).
edge(272,256,139).
edge(257,631,602).
edge(631,257,602).
edge(258,259,314).
edge(259,258,314).
edge(258,631,599).
edge(631,258,599).
edge(259,262,134).
edge(262,259,134).
edge(260,293,148).
edge(293,260,148).
edge(260,261,110).
edge(261,260,110).
edge(261,294,100).
edge(294,261,100).
edge(262,294,145).
edge(294,262,145).
edge(263,264,277).
edge(264,263,277).
edge(263,300,229).
edge(300,263,229).
edge(264,265,217).
edge(265,264,217).
edge(265,266,242).
edge(266,265,242).
edge(266,267,184).
edge(267,266,184).
edge(267,268,167).
edge(268,267,167).
edge(268,269,148).
edge(269,268,148).
edge(269,270,124).
edge(270,269,124).
edge(271,300,157).
edge(300,271,157).
edge(272,297,132).
edge(297,272,132).
edge(273,274,1201).
edge(274,273,1201).
edge(273,292,262).
edge(292,273,262).
edge(274,275,277).
edge(275,274,277).
edge(275,276,181).
edge(276,275,181).
edge(276,630,110).
edge(630,276,110).
edge(277,278,119).
edge(278,277,119).
edge(277,630,123).
edge(630,277,123).
edge(278,293,153).
edge(293,278,153).
edge(279,280,171).
edge(280,279,171).
edge(280,281,229).
edge(281,280,229).
edge(280,632,1200).
edge(632,280,1200).
edge(281,282,277).
edge(282,281,277).
edge(282,283,217).
edge(283,282,217).
edge(283,284,242).
edge(284,283,242).
edge(284,285,162).
edge(285,284,162).
edge(285,286,142).
edge(286,285,142).
edge(286,287,146).
edge(287,286,146).
edge(287,288,146).
edge(288,287,146).
edge(288,295,163).
edge(295,288,163).
edge(289,298,129).
edge(298,289,129).
edge(290,299,105).
edge(299,290,105).
edge(290,298,114).
edge(298,290,114).
edge(291,292,147).
edge(292,291,147).
edge(291,299,107).
edge(299,291,107).
edge(293,301,1110).
edge(301,293,1110).
edge(293,632,1138).
edge(632,293,1138).
edge(295,633,115).
edge(633,295,115).
edge(296,297,91).
edge(297,296,91).
edge(300,301,1194).
edge(301,300,1194).
edge(301,636,1961).
edge(636,301,1961).
edge(302,303,459).
edge(303,302,459).
edge(303,304,294).
edge(304,303,294).
edge(304,305,307).
edge(305,304,307).
edge(305,306,289).
edge(306,305,289).
edge(306,307,222).
edge(307,306,222).
edge(307,308,212).
edge(308,307,212).
edge(309,310,210).
edge(310,309,210).
edge(311,312,228).
edge(312,311,228).
edge(312,319,241).
edge(319,312,241).
edge(313,318,289).
edge(318,313,289).
edge(313,319,305).
edge(319,313,305).
edge(314,317,289).
edge(317,314,289).
edge(314,318,268).
edge(318,314,268).
edge(315,316,192).
edge(316,315,192).
edge(320,321,224).
edge(321,320,224).
edge(321,322,345).
edge(322,321,345).
edge(322,323,309).
edge(323,322,309).
edge(323,324,275).
edge(324,323,275).
edge(324,325,265).
edge(325,324,265).
edge(325,326,262).
edge(326,325,262).
edge(326,327,232).
edge(327,326,232).
edge(328,329,212).
edge(329,328,212).
edge(330,331,361).
edge(331,330,361).
edge(331,332,228).
edge(332,331,228).
edge(332,333,241).
edge(333,332,241).
edge(333,334,337).
edge(334,333,337).
edge(334,335,342).
edge(335,334,342).
edge(335,336,292).
edge(336,335,292).
edge(336,337,236).
edge(337,336,236).
edge(338,339,218).
edge(339,338,218).
edge(340,356,950).
edge(356,340,950).
edge(340,355,2900).
edge(355,340,2900).
edge(341,365,950).
edge(365,341,950).
edge(341,364,2900).
edge(364,341,2900).
edge(342,384,950).
edge(384,342,950).
edge(342,383,2844).
edge(383,342,2844).
edge(343,393,950).
edge(393,343,950).
edge(343,392,2833).
edge(392,343,2833).
edge(344,432,950).
edge(432,344,950).
edge(344,431,2771).
edge(431,344,2771).
edge(345,600,1807).
edge(600,345,1807).
edge(345,346,2963).
edge(346,345,2963).
edge(346,347,950).
edge(347,346,950).
edge(347,348,950).
edge(348,347,950).
edge(348,349,950).
edge(349,348,950).
edge(349,350,950).
edge(350,349,950).
edge(350,351,950).
edge(351,350,950).
edge(351,352,950).
edge(352,351,950).
edge(352,353,950).
edge(353,352,950).
edge(353,354,950).
edge(354,353,950).
edge(354,440,950).
edge(440,354,950).
edge(355,605,1890).
edge(605,355,1890).
edge(356,357,950).
edge(357,356,950).
edge(357,358,950).
edge(358,357,950).
edge(358,359,950).
edge(359,358,950).
edge(359,360,950).
edge(360,359,950).
edge(360,361,950).
edge(361,360,950).
edge(361,362,950).
edge(362,361,950).
edge(362,363,950).
edge(363,362,950).
edge(363,441,950).
edge(441,363,950).
edge(364,606,1893).
edge(606,364,1893).
edge(365,366,950).
edge(366,365,950).
edge(366,367,950).
edge(367,366,950).
edge(367,368,950).
edge(368,367,950).
edge(368,369,950).
edge(369,368,950).
edge(369,370,950).
edge(370,369,950).
edge(370,371,950).
edge(371,370,950).
edge(371,372,950).
edge(372,371,950).
edge(372,442,950).
edge(442,372,950).
edge(373,607,1941).
edge(607,373,1941).
edge(373,374,2858).
edge(374,373,2858).
edge(374,375,950).
edge(375,374,950).
edge(375,376,950).
edge(376,375,950).
edge(376,377,950).
edge(377,376,950).
edge(377,378,950).
edge(378,377,950).
edge(378,379,950).
edge(379,378,950).
edge(379,380,950).
edge(380,379,950).
edge(380,381,950).
edge(381,380,950).
edge(381,382,950).
edge(382,381,950).
edge(382,443,950).
edge(443,382,950).
edge(383,608,1959).
edge(608,383,1959).
edge(384,385,950).
edge(385,384,950).
edge(385,386,950).
edge(386,385,950).
edge(386,387,950).
edge(387,386,950).
edge(387,388,950).
edge(388,387,950).
edge(388,389,950).
edge(389,388,950).
edge(389,390,950).
edge(390,389,950).
edge(390,391,950).
edge(391,390,950).
edge(391,444,950).
edge(444,391,950).
edge(392,609,1973).
edge(609,392,1973).
edge(393,394,950).
edge(394,393,950).
edge(394,395,950).
edge(395,394,950).
edge(395,396,950).
edge(396,395,950).
edge(396,397,950).
edge(397,396,950).
edge(397,398,950).
edge(398,397,950).
edge(398,399,950).
edge(399,398,950).
edge(399,400,950).
edge(400,399,950).
edge(400,445,950).
edge(445,400,950).
edge(401,610,1997).
edge(610,401,1997).
edge(401,402,2814).
edge(402,401,2814).
edge(402,403,950).
edge(403,402,950).
edge(403,404,950).
edge(404,403,950).
edge(404,405,950).
edge(405,404,950).
edge(405,406,950).
edge(406,405,950).
edge(406,407,950).
edge(407,406,950).
edge(407,408,950).
edge(408,407,950).
edge(408,409,950).
edge(409,408,950).
edge(409,410,950).
edge(410,409,950).
edge(410,446,950).
edge(446,410,950).
edge(411,611,2015).
edge(611,411,2015).
edge(411,412,2801).
edge(412,411,2801).
edge(412,413,950).
edge(413,412,950).
edge(413,414,950).
edge(414,413,950).
edge(414,415,950).
edge(415,414,950).
edge(415,416,950).
edge(416,415,950).
edge(416,417,950).
edge(417,416,950).
edge(417,418,950).
edge(418,417,950).
edge(418,419,950).
edge(419,418,950).
edge(419,420,950).
edge(420,419,950).
edge(420,447,950).
edge(447,420,950).
edge(421,612,2029).
edge(612,421,2029).
edge(421,422,2790).
edge(422,421,2790).
edge(422,423,950).
edge(423,422,950).
edge(423,424,950).
edge(424,423,950).
edge(424,425,950).
edge(425,424,950).
edge(425,426,950).
edge(426,425,950).
edge(426,427,950).
edge(427,426,950).
edge(427,428,950).
edge(428,427,950).
edge(428,429,950).
edge(429,428,950).
edge(429,430,950).
edge(430,429,950).
edge(430,448,950).
edge(448,430,950).
edge(431,613,2053).
edge(613,431,2053).
edge(432,433,950).
edge(433,432,950).
edge(433,434,950).
edge(434,433,950).
edge(434,435,950).
edge(435,434,950).
edge(435,436,950).
edge(436,435,950).
edge(436,437,950).
edge(437,436,950).
edge(437,438,950).
edge(438,437,950).
edge(438,439,950).
edge(439,438,950).
edge(439,449,950).
edge(449,439,950).
edge(450,452,1150).
edge(452,450,1150).
edge(450,628,3617).
edge(628,450,3617).
edge(451,459,1150).
edge(459,451,1150).
edge(452,453,1150).
edge(453,452,1150).
edge(453,454,1150).
edge(454,453,1150).
edge(454,455,1150).
edge(455,454,1150).
edge(455,456,1150).
edge(456,455,1150).
edge(456,457,1150).
edge(457,456,1150).
edge(457,458,1150).
edge(458,457,1150).
edge(458,459,1150).
edge(459,458,1150).
edge(460,461,1150).
edge(461,460,1150).
edge(460,618,3617).
edge(618,460,3617).
edge(461,462,1150).
edge(462,461,1150).
edge(462,463,1150).
edge(463,462,1150).
edge(463,464,1150).
edge(464,463,1150).
edge(464,465,1150).
edge(465,464,1150).
edge(465,466,1150).
edge(466,465,1150).
edge(466,467,1150).
edge(467,466,1150).
edge(467,468,1150).
edge(468,467,1150).
edge(468,469,1150).
edge(469,468,1150).
edge(470,655,900).
edge(655,470,900).
edge(470,486,900).
edge(486,470,900).
edge(471,472,900).
edge(472,471,900).
edge(472,473,900).
edge(473,472,900).
edge(473,474,900).
edge(474,473,900).
edge(474,475,900).
edge(475,474,900).
edge(475,476,900).
edge(476,475,900).
edge(476,477,900).
edge(477,476,900).
edge(477,478,900).
edge(478,477,900).
edge(478,479,900).
edge(479,478,900).
edge(479,480,900).
edge(480,479,900).
edge(480,481,900).
edge(481,480,900).
edge(481,482,900).
edge(482,481,900).
edge(482,483,900).
edge(483,482,900).
edge(483,484,900).
edge(484,483,900).
edge(484,485,900).
edge(485,484,900).
edge(485,486,900).
edge(486,485,900).
edge(487,488,900).
edge(488,487,900).
edge(488,489,900).
edge(489,488,900).
edge(489,490,900).
edge(490,489,900).
edge(490,491,900).
edge(491,490,900).
edge(491,492,900).
edge(492,491,900).
edge(492,493,900).
edge(493,492,900).
edge(493,494,900).
edge(494,493,900).
edge(494,495,900).
edge(495,494,900).
edge(495,496,900).
edge(496,495,900).
edge(496,497,900).
edge(497,496,900).
edge(497,498,900).
edge(498,497,900).
edge(498,499,900).
edge(499,498,900).
edge(499,500,900).
edge(500,499,900).
edge(500,501,900).
edge(501,500,900).
edge(501,502,900).
edge(502,501,900).
edge(502,503,900).
edge(503,502,900).
edge(503,657,934).
edge(657,503,934).
edge(504,505,900).
edge(505,504,900).
edge(505,506,900).
edge(506,505,900).
edge(506,507,900).
edge(507,506,900).
edge(507,508,900).
edge(508,507,900).
edge(508,509,900).
edge(509,508,900).
edge(509,510,900).
edge(510,509,900).
edge(510,511,900).
edge(511,510,900).
edge(511,512,900).
edge(512,511,900).
edge(512,513,900).
edge(513,512,900).
edge(513,514,900).
edge(514,513,900).
edge(514,515,900).
edge(515,514,900).
edge(515,516,900).
edge(516,515,900).
edge(516,517,900).
edge(517,516,900).
edge(517,518,900).
edge(518,517,900).
edge(518,519,900).
edge(519,518,900).
edge(519,520,900).
edge(520,519,900).
edge(520,658,923).
edge(658,520,923).
edge(521,522,900).
edge(522,521,900).
edge(522,523,900).
edge(523,522,900).
edge(523,524,900).
edge(524,523,900).
edge(524,525,900).
edge(525,524,900).
edge(525,526,900).
edge(526,525,900).
edge(526,527,900).
edge(527,526,900).
edge(527,528,900).
edge(528,527,900).
edge(528,529,900).
edge(529,528,900).
edge(529,530,900).
edge(530,529,900).
edge(530,531,900).
edge(531,530,900).
edge(531,532,900).
edge(532,531,900).
edge(532,533,900).
edge(533,532,900).
edge(533,534,900).
edge(534,533,900).
edge(534,535,900).
edge(535,534,900).
edge(535,536,900).
edge(536,535,900).
edge(536,537,900).
edge(537,536,900).
edge(537,659,918).
edge(659,537,918).
edge(538,539,900).
edge(539,538,900).
edge(539,540,900).
edge(540,539,900).
edge(540,541,900).
edge(541,540,900).
edge(541,542,900).
edge(542,541,900).
edge(542,543,900).
edge(543,542,900).
edge(543,544,900).
edge(544,543,900).
edge(544,545,900).
edge(545,544,900).
edge(545,546,900).
edge(546,545,900).
edge(546,547,900).
edge(547,546,900).
edge(547,548,900).
edge(548,547,900).
edge(548,549,900).
edge(549,548,900).
edge(549,550,900).
edge(550,549,900).
edge(550,551,900).
edge(551,550,900).
edge(551,552,900).
edge(552,551,900).
edge(552,553,900).
edge(553,552,900).
edge(553,554,900).
edge(554,553,900).
edge(554,660,907).
edge(660,554,907).
edge(555,556,900).
edge(556,555,900).
edge(556,557,900).
edge(557,556,900).
edge(557,558,900).
edge(558,557,900).
edge(558,559,900).
edge(559,558,900).
edge(559,560,900).
edge(560,559,900).
edge(560,561,900).
edge(561,560,900).
edge(561,562,900).
edge(562,561,900).
edge(562,563,900).
edge(563,562,900).
edge(563,564,900).
edge(564,563,900).
edge(564,565,900).
edge(565,564,900).
edge(565,566,900).
edge(566,565,900).
edge(566,567,900).
edge(567,566,900).
edge(567,568,900).
edge(568,567,900).
edge(568,569,900).
edge(569,568,900).
edge(569,570,900).
edge(570,569,900).
edge(570,571,900).
edge(571,570,900).
edge(571,656,901).
edge(656,571,901).
edge(572,573,2329).
edge(573,572,2329).
edge(572,599,2000).
edge(599,572,2000).
edge(573,574,3700).
edge(574,573,3700).
edge(573,600,2000).
edge(600,573,2000).
edge(574,575,3330).
edge(575,574,3330).
edge(574,601,2000).
edge(601,574,2000).
edge(575,576,2410).
edge(576,575,2410).
edge(575,602,2000).
edge(602,575,2000).
edge(576,577,3829).
edge(577,576,3829).
edge(576,603,2000).
edge(603,576,2000).
edge(577,578,2780).
edge(578,577,2780).
edge(577,604,2000).
edge(604,577,2000).
edge(578,579,2310).
edge(579,578,2310).
edge(578,605,2000).
edge(605,578,2000).
edge(579,580,3800).
edge(580,579,3800).
edge(579,606,2000).
edge(606,579,2000).
edge(580,581,2850).
edge(581,580,2850).
edge(580,607,2000).
edge(607,580,2000).
edge(581,582,2300).
edge(582,581,2300).
edge(581,608,2000).
edge(608,581,2000).
edge(582,583,3859).
edge(583,582,3859).
edge(582,609,2000).
edge(609,582,2000).
edge(583,584,2851).
edge(584,583,2851).
edge(583,610,2000).
edge(610,583,2000).
edge(584,585,2270).
edge(585,584,2270).
edge(584,611,2000).
edge(611,584,2000).
edge(585,586,3890).
edge(586,585,3890).
edge(585,612,2000).
edge(612,585,2000).
edge(586,588,4890).
edge(588,586,4890).
edge(586,613,2000).
edge(613,586,2000).
edge(587,613,4890).
edge(613,587,4890).
edge(587,588,2000).
edge(588,587,2000).
edge(587,589,4250).
edge(589,587,4250).
edge(588,590,4250).
edge(590,588,4250).
edge(589,590,2000).
edge(590,589,2000).
edge(589,617,3975).
edge(617,589,3975).
edge(590,616,3975).
edge(616,590,3975).
edge(591,617,3975).
edge(617,591,3975).
edge(591,592,2000).
edge(592,591,2000).
edge(591,593,3710).
edge(593,591,3710).
edge(592,616,3975).
edge(616,592,3975).
edge(592,594,3710).
edge(594,592,3710).
edge(593,594,2000).
edge(594,593,2000).
edge(593,615,3990).
edge(615,593,3990).
edge(594,614,3990).
edge(614,594,3990).
edge(595,615,3990).
edge(615,595,3990).
edge(595,596,2000).
edge(596,595,2000).
edge(595,597,4450).
edge(597,595,4450).
edge(596,614,3990).
edge(614,596,3990).
edge(596,598,4450).
edge(598,596,4450).
edge(597,598,2000).
edge(598,597,2000).
edge(599,600,2329).
edge(600,599,2329).
edge(600,601,3700).
edge(601,600,3700).
edge(601,602,3330).
edge(602,601,3330).
edge(602,603,2410).
edge(603,602,2410).
edge(603,604,3830).
edge(604,603,3830).
edge(604,605,2780).
edge(605,604,2780).
edge(605,606,2310).
edge(606,605,2310).
edge(606,607,3800).
edge(607,606,3800).
edge(607,608,2850).
edge(608,607,2850).
edge(608,609,2300).
edge(609,608,2300).
edge(609,610,3860).
edge(610,609,3860).
edge(610,611,2851).
edge(611,610,2851).
edge(611,612,2270).
edge(612,611,2270).
edge(612,613,3890).
edge(613,612,3890).
edge(614,615,2000).
edge(615,614,2000).
edge(616,617,2000).
edge(617,616,2000).
edge(618,619,1961).
edge(619,618,1961).
edge(618,646,4508).
edge(646,618,4508).
edge(619,645,4516).
edge(645,619,4516).
edge(620,646,4508).
edge(646,620,4508).
edge(620,621,1961).
edge(621,620,1961).
edge(620,644,4495).
edge(644,620,4495).
edge(621,645,4516).
edge(645,621,4516).
edge(621,643,4495).
edge(643,621,4495).
edge(622,644,4495).
edge(644,622,4495).
edge(622,623,1961).
edge(623,622,1961).
edge(622,642,4505).
edge(642,622,4505).
edge(623,643,4495).
edge(643,623,4495).
edge(623,641,4505).
edge(641,623,4505).
edge(624,642,4505).
edge(642,624,4505).
edge(624,625,1961).
edge(625,624,1961).
edge(624,640,4510).
edge(640,624,4510).
edge(625,641,4505).
edge(641,625,4505).
edge(625,639,4510).
edge(639,625,4510).
edge(626,640,4510).
edge(640,626,4510).
edge(626,627,1961).
edge(627,626,1961).
edge(626,638,4505).
edge(638,626,4505).
edge(627,639,4510).
edge(639,627,4510).
edge(627,637,4505).
edge(637,627,4505).
edge(628,638,4505).
edge(638,628,4505).
edge(628,629,1961).
edge(629,628,1961).
edge(628,636,2765).
edge(636,628,2765).
edge(629,637,4505).
edge(637,629,4505).
edge(632,635,1961).
edge(635,632,1961).
edge(632,633,1072).
edge(633,632,1072).
edge(637,638,1961).
edge(638,637,1961).
edge(639,640,1961).
edge(640,639,1961).
edge(641,642,1961).
edge(642,641,1961).
edge(643,644,1961).
edge(644,643,1961).
edge(645,646,1961).
edge(646,645,1961).
edge(649,655,900).
edge(655,649,900).
edge(650,656,901).
edge(656,650,901).
edge(651,657,900).
edge(657,651,900).
edge(652,658,901).
edge(658,652,901).
edge(653,659,901).
edge(659,653,901).
edge(654,660,901).
edge(660,654,901).
conflict(1,1).
conflict(2,2).
conflict(3,3).
conflict(4,4).
conflict(5,5).
conflict(6,6).
conflict(7,7).
conflict(8,8).
conflict(9,9).
conflict(10,10).
conflict(11,11).
conflict(12,12).
conflict(13,13).
conflict(14,14).
conflict(15,15).
conflict(16,16).
conflict(17,17).
conflict(18,18).
conflict(19,19).
conflict(20,20).
conflict(21,21).
conflict(22,22).
conflict(23,23).
conflict(24,24).
conflict(25,25).
conflict(26,26).
conflict(27,27).
conflict(28,28).
conflict(29,29).
conflict(30,30).
conflict(31,31).
conflict(32,32).
conflict(33,33).
conflict(34,34).
conflict(35,35).
conflict(36,36).
conflict(37,37).
conflict(38,38).
conflict(39,39).
conflict(40,40).
conflict(41,41).
conflict(42,42).
conflict(43,43).
conflict(44,44).
conflict(45,45).
conflict(46,46).
conflict(47,47).
conflict(48,48).
conflict(49,49).
conflict(50,50).
conflict(51,51).
conflict(52,52).
conflict(53,53).
conflict(54,54).
conflict(55,55).
conflict(56,56).
conflict(57,57).
conflict(58,58).
conflict(59,59).
conflict(60,60).
conflict(61,61).
conflict(62,62).
conflict(63,63).
conflict(64,64).
conflict(65,65).
conflict(66,66).
conflict(67,67).
conflict(68,68).
conflict(69,69).
conflict(70,70).
conflict(71,71).
conflict(72,72).
conflict(73,73).
conflict(74,74).
conflict(75,75).
conflict(76,76).
conflict(77,77).
conflict(78,78).
conflict(79,79).
conflict(80,80).
conflict(81,81).
conflict(82,82).
conflict(83,83).
conflict(84,84).
conflict(85,85).
conflict(86,86).
conflict(87,87).
conflict(88,88).
conflict(89,89).
conflict(90,90).
conflict(91,91).
conflict(92,92).
conflict(93,93).
conflict(94,94).
conflict(95,95).
conflict(96,96).
conflict(97,97).
conflict(98,98).
conflict(99,99).
conflict(100,100).
conflict(101,101).
conflict(102,102).
conflict(103,103).
conflict(104,104).
conflict(105,105).
conflict(106,106).
conflict(107,107).
conflict(108,108).
conflict(109,109).
conflict(110,110).
conflict(111,111).
conflict(112,112).
conflict(113,113).
conflict(114,114).
conflict(115,115).
conflict(116,116).
conflict(117,117).
conflict(118,118).
conflict(119,119).
conflict(120,120).
conflict(121,121).
conflict(122,122).
conflict(123,123).
conflict(124,124).
conflict(125,125).
conflict(126,126).
conflict(127,127).
conflict(128,128).
conflict(129,129).
conflict(130,130).
conflict(131,131).
conflict(132,132).
conflict(133,133).
conflict(134,134).
conflict(135,135).
conflict(136,136).
conflict(137,137).
conflict(138,138).
conflict(139,139).
conflict(140,140).
conflict(141,141).
conflict(142,142).
conflict(143,143).
conflict(144,144).
conflict(145,145).
conflict(146,146).
conflict(147,147).
conflict(148,148).
conflict(149,149).
conflict(150,150).
conflict(151,151).
conflict(152,152).
conflict(153,153).
conflict(154,154).
conflict(155,155).
conflict(156,156).
conflict(157,157).
conflict(158,158).
conflict(159,159).
conflict(160,160).
conflict(161,161).
conflict(162,162).
conflict(163,163).
conflict(164,164).
conflict(165,165).
conflict(166,166).
conflict(167,167).
conflict(168,168).
conflict(169,169).
conflict(170,170).
conflict(171,171).
conflict(172,172).
conflict(173,173).
conflict(174,174).
conflict(175,175).
conflict(176,176).
conflict(177,177).
conflict(178,178).
conflict(179,179).
conflict(180,180).
conflict(181,181).
conflict(182,182).
conflict(183,183).
conflict(184,184).
conflict(185,185).
conflict(186,186).
conflict(187,187).
conflict(188,188).
conflict(189,189).
conflict(190,190).
conflict(191,191).
conflict(192,192).
conflict(193,193).
conflict(194,194).
conflict(195,195).
conflict(196,196).
conflict(197,197).
conflict(198,198).
conflict(199,199).
conflict(200,200).
conflict(201,201).
conflict(202,202).
conflict(203,203).
conflict(204,204).
conflict(205,205).
conflict(206,206).
conflict(207,207).
conflict(208,208).
conflict(209,209).
conflict(210,210).
conflict(211,211).
conflict(212,212).
conflict(213,213).
conflict(214,214).
conflict(215,215).
conflict(216,216).
conflict(217,217).
conflict(218,218).
conflict(219,219).
conflict(220,220).
conflict(221,221).
conflict(222,222).
conflict(223,223).
conflict(224,224).
conflict(225,225).
conflict(226,226).
conflict(227,227).
conflict(228,228).
conflict(229,229).
conflict(230,230).
conflict(231,231).
conflict(232,232).
conflict(233,233).
conflict(234,234).
conflict(235,235).
conflict(236,236).
conflict(237,237).
conflict(238,238).
conflict(239,239).
conflict(240,240).
conflict(241,241).
conflict(242,242).
conflict(243,243).
conflict(244,244).
conflict(245,245).
conflict(246,246).
conflict(247,247).
conflict(248,248).
conflict(249,249).
conflict(250,250).
conflict(251,251).
conflict(252,252).
conflict(253,253).
conflict(254,254).
conflict(255,255).
conflict(256,256).
conflict(257,257).
conflict(258,258).
conflict(259,259).
conflict(260,260).
conflict(261,261).
conflict(262,262).
conflict(263,263).
conflict(264,264).
conflict(265,265).
conflict(266,266).
conflict(267,267).
conflict(268,268).
conflict(269,269).
conflict(270,270).
conflict(271,271).
conflict(272,272).
conflict(273,273).
conflict(274,274).
conflict(275,275).
conflict(276,276).
conflict(277,277).
conflict(278,278).
conflict(279,279).
conflict(280,280).
conflict(281,281).
conflict(282,282).
conflict(283,283).
conflict(284,284).
conflict(285,285).
conflict(286,286).
conflict(287,287).
conflict(288,288).
conflict(289,289).
conflict(290,290).
conflict(291,291).
conflict(292,292).
conflict(293,293).
conflict(294,294).
conflict(295,295).
conflict(296,296).
conflict(297,297).
conflict(298,298).
conflict(299,299).
conflict(300,300).
conflict(301,301).
conflict(302,302).
conflict(303,303).
conflict(304,304).
conflict(305,305).
conflict(306,306).
conflict(307,307).
conflict(308,308).
conflict(309,309).
conflict(310,310).
conflict(311,311).
conflict(312,312).
conflict(313,313).
conflict(314,314).
conflict(315,315).
conflict(316,316).
conflict(317,317).
conflict(318,318).
conflict(319,319).
conflict(320,320).
conflict(321,321).
conflict(322,322).
conflict(323,323).
conflict(324,324).
conflict(325,325).
conflict(326,326).
conflict(327,327).
conflict(328,328).
conflict(329,329).
conflict(330,330).
conflict(331,331).
conflict(332,332).
conflict(333,333).
conflict(334,334).
conflict(335,335).
conflict(336,336).
conflict(337,337).
conflict(338,338).
conflict(339,339).
conflict(340,340).
conflict(341,341).
conflict(342,342).
conflict(343,343).
conflict(344,344).
conflict(345,345).
conflict(346,346).
conflict(347,347).
conflict(348,348).
conflict(349,349).
conflict(350,350).
conflict(351,351).
conflict(352,352).
conflict(353,353).
conflict(354,354).
conflict(355,355).
conflict(356,356).
conflict(357,357).
conflict(358,358).
conflict(359,359).
conflict(360,360).
conflict(361,361).
conflict(362,362).
conflict(363,363).
conflict(364,364).
conflict(365,365).
conflict(366,366).
conflict(367,367).
conflict(368,368).
conflict(369,369).
conflict(370,370).
conflict(371,371).
conflict(372,372).
conflict(373,373).
conflict(374,374).
conflict(375,375).
conflict(376,376).
conflict(377,377).
conflict(378,378).
conflict(379,379).
conflict(380,380).
conflict(381,381).
conflict(382,382).
conflict(383,383).
conflict(384,384).
conflict(385,385).
conflict(386,386).
conflict(387,387).
conflict(388,388).
conflict(389,389).
conflict(390,390).
conflict(391,391).
conflict(392,392).
conflict(393,393).
conflict(394,394).
conflict(395,395).
conflict(396,396).
conflict(397,397).
conflict(398,398).
conflict(399,399).
conflict(400,400).
conflict(401,401).
conflict(402,402).
conflict(403,403).
conflict(404,404).
conflict(405,405).
conflict(406,406).
conflict(407,407).
conflict(408,408).
conflict(409,409).
conflict(410,410).
conflict(411,411).
conflict(412,412).
conflict(413,413).
conflict(414,414).
conflict(415,415).
conflict(416,416).
conflict(417,417).
conflict(418,418).
conflict(419,419).
conflict(420,420).
conflict(421,421).
conflict(422,422).
conflict(423,423).
conflict(424,424).
conflict(425,425).
conflict(426,426).
conflict(427,427).
conflict(428,428).
conflict(429,429).
conflict(430,430).
conflict(431,431).
conflict(432,432).
conflict(433,433).
conflict(434,434).
conflict(435,435).
conflict(436,436).
conflict(437,437).
conflict(438,438).
conflict(439,439).
conflict(440,440).
conflict(441,441).
conflict(442,442).
conflict(443,443).
conflict(444,444).
conflict(445,445).
conflict(446,446).
conflict(447,447).
conflict(448,448).
conflict(449,449).
conflict(450,450).
conflict(451,451).
conflict(452,452).
conflict(453,453).
conflict(454,454).
conflict(455,455).
conflict(456,456).
conflict(457,457).
conflict(458,458).
conflict(459,459).
conflict(460,460).
conflict(461,461).
conflict(462,462).
conflict(463,463).
conflict(464,464).
conflict(465,465).
conflict(466,466).
conflict(467,467).
conflict(468,468).
conflict(469,469).
conflict(470,470).
conflict(471,471).
conflict(472,472).
conflict(473,473).
conflict(474,474).
conflict(475,475).
conflict(476,476).
conflict(477,477).
conflict(478,478).
conflict(479,479).
conflict(480,480).
conflict(481,481).
conflict(482,482).
conflict(483,483).
conflict(484,484).
conflict(485,485).
conflict(486,486).
conflict(487,487).
conflict(488,488).
conflict(489,489).
conflict(490,490).
conflict(491,491).
conflict(492,492).
conflict(493,493).
conflict(494,494).
conflict(495,495).
conflict(496,496).
conflict(497,497).
conflict(498,498).
conflict(499,499).
conflict(500,500).
conflict(501,501).
conflict(502,502).
conflict(503,503).
conflict(504,504).
conflict(505,505).
conflict(506,506).
conflict(507,507).
conflict(508,508).
conflict(509,509).
conflict(510,510).
conflict(511,511).
conflict(512,512).
conflict(513,513).
conflict(514,514).
conflict(515,515).
conflict(516,516).
conflict(517,517).
conflict(518,518).
conflict(519,519).
conflict(520,520).
conflict(521,521).
conflict(522,522).
conflict(523,523).
conflict(524,524).
conflict(525,525).
conflict(526,526).
conflict(527,527).
conflict(528,528).
conflict(529,529).
conflict(530,530).
conflict(531,531).
conflict(532,532).
conflict(533,533).
conflict(534,534).
conflict(535,535).
conflict(536,536).
conflict(537,537).
conflict(538,538).
conflict(539,539).
conflict(540,540).
conflict(541,541).
conflict(542,542).
conflict(543,543).
conflict(544,544).
conflict(545,545).
conflict(546,546).
conflict(547,547).
conflict(548,548).
conflict(549,549).
conflict(550,550).
conflict(551,551).
conflict(552,552).
conflict(553,553).
conflict(554,554).
conflict(555,555).
conflict(556,556).
conflict(557,557).
conflict(558,558).
conflict(559,559).
conflict(560,560).
conflict(561,561).
conflict(562,562).
conflict(563,563).
conflict(564,564).
conflict(565,565).
conflict(566,566).
conflict(567,567).
conflict(568,568).
conflict(569,569).
conflict(570,570).
conflict(571,571).
conflict(572,572).
conflict(573,573).
conflict(574,574).
conflict(575,575).
conflict(576,576).
conflict(577,577).
conflict(578,578).
conflict(579,579).
conflict(580,580).
conflict(581,581).
conflict(582,582).
conflict(583,583).
conflict(584,584).
conflict(585,585).
conflict(586,586).
conflict(587,587).
conflict(588,588).
conflict(589,589).
conflict(590,590).
conflict(591,591).
conflict(592,592).
conflict(593,593).
conflict(594,594).
conflict(595,595).
conflict(596,596).
conflict(597,597).
conflict(598,598).
conflict(599,599).
conflict(600,600).
conflict(601,601).
conflict(602,602).
conflict(603,603).
conflict(604,604).
conflict(605,605).
conflict(606,606).
conflict(607,607).
conflict(608,608).
conflict(609,609).
conflict(610,610).
conflict(611,611).
conflict(612,612).
conflict(613,613).
conflict(614,614).
conflict(615,615).
conflict(616,616).
conflict(617,617).
conflict(618,618).
conflict(619,619).
conflict(620,620).
conflict(621,621).
conflict(622,622).
conflict(623,623).
conflict(624,624).
conflict(625,625).
conflict(626,626).
conflict(627,627).
conflict(628,628).
conflict(629,629).
conflict(630,630).
conflict(631,631).
conflict(632,632).
conflict(633,633).
conflict(634,634).
conflict(635,635).
conflict(636,636).
conflict(637,637).
conflict(638,638).
conflict(639,639).
conflict(640,640).
conflict(641,641).
conflict(642,642).
conflict(643,643).
conflict(644,644).
conflict(645,645).
conflict(646,646).
conflict(647,647).
conflict(648,648).
conflict(649,649).
conflict(650,650).
conflict(651,651).
conflict(652,652).
conflict(653,653).
conflict(654,654).
conflict(655,655).
conflict(656,656).
conflict(657,657).
conflict(658,658).
conflict(659,659).
conflict(660,660).
task((1,dpickup),544).
task((1,dputdown),377).
task((1,rpickup),369).
task((1,rputdown),544).
task((2,dpickup),500).
task((2,dputdown),358).
task((2,rpickup),23).
task((2,rputdown),500).
task((3,dpickup),497).
task((3,dputdown),465).
task((3,rpickup),446).
task((3,rputdown),497).
task((4,dpickup),568).
